0,10
1,25
2,10
3,4
4,39
5,14
6,6
7,27
8,21
9,80
10,27
11,4
12,21
13,5
14,40
15,7
16,42
17,61
18,51
19,4
20,4
21,59
22,60
23,27
24,17
25,80
26,14
27,21
28,21
29,8
30,23
31,9
32,78
33,32
34,39
35,70
36,10
37,20
38,12
39,19
40,5
41,46
42,4
43,38
44,59
45,8
46,4
47,109
48,21
49,8
50,8
51,15
52,118
53,8
54,5
55,13
56,12
57,87
58,42
59,14
60,7
61,99
62,19
63,5
64,24
65,5
66,12
67,14
68,13
69,10
70,5
71,8
72,51
73,8
74,35
75,17
76,7
77,28
78,6
79,9
80,17
81,23
82,19
83,6
84,7
85,9
86,11
87,13
88,4
89,45
90,8
91,86
92,44
93,4
94,19
95,16
96,30
97,4
98,21
99,15
100,21
101,26
102,23
103,9
104,12
105,9
106,24
107,7
108,16
109,16
110,18
111,12
112,13
113,19
114,7
115,17
116,100
117,44
118,21
119,12
120,14
121,11
122,110
123,4
124,14
125,10
126,34
127,4
128,31
129,27
130,59
131,17
132,34
133,36
134,14
135,75
136,40
137,13
138,49
139,11
140,4
141,9
142,13
143,6
144,7
145,85
146,37
147,112
148,109
149,46
150,94
151,4
152,5
153,8
154,19
155,29
156,85
157,4
158,7
159,4
160,59
161,21
162,101
163,5
164,22
165,82
166,11
167,5
168,105
169,17
170,4
171,4
172,106
173,19
174,63
175,15
176,8
177,23
178,22
179,11
180,60
181,16
182,20
183,16
184,10
185,24
186,83
187,14
188,6
189,30
190,6
191,102
192,48
193,11
194,132
195,6
196,4
197,75
198,80
199,5
200,17
201,117
202,25
203,89
204,30
205,6
206,4
207,36
208,5
209,22
210,7
211,22
212,4
213,33
214,6
215,129
216,4
217,17
218,7
219,20
220,5
221,16
222,51
223,40
224,100
225,4
226,5
227,6
228,42
229,35
230,19
231,18
232,10
233,5
234,88
235,12
236,33
237,51
238,14
239,28
240,11
241,54
242,6
243,17
244,126
245,5
246,6
247,6
248,22
249,4
250,14
251,12
252,10
253,4
254,48
255,19
256,10
257,29
258,27
259,30
260,70
261,21
262,18
263,96
264,19
265,10
266,26
267,52
268,6
269,25
270,62
271,96
272,37
273,29
274,17
275,4
276,4
277,39
278,9
279,10
280,22
281,5
282,5
283,94
284,27
285,8
286,20
287,11
288,14
289,6
290,20
291,8
292,63
293,9
294,38
295,19
296,17
297,5
298,20
299,49
300,71
301,128
302,41
303,5
304,31
305,38
306,36
307,105
308,24
309,44
310,4
311,11
312,5
313,58
314,4
315,15
316,4
317,4
318,122
319,4
320,44
321,8
322,23
323,15
324,8
325,75
326,47
327,12
328,126
329,15
330,108
331,13
332,45
333,12
334,29
335,21
336,39
337,72
338,24
339,21
340,4
341,24
342,59
343,18
344,5
345,56
346,19
347,20
348,53
349,12
350,20
351,137
352,4
353,11
354,83
355,4
356,11
357,14
358,9
359,13
360,5
361,11
362,8
363,5
364,9
365,51
366,5
367,64
368,17
369,12
370,15
371,33
372,5
373,10
374,10
375,23
376,27
377,7
378,12
379,27
380,7
381,11
382,4
383,4
384,27
385,52
386,13
387,11
388,14
389,42
390,16
391,97
392,14
393,7
394,4
395,34
396,6
397,45
398,6
399,8
400,15
401,56
402,56
403,10
404,9
405,29
406,6
407,31
408,59
409,19
410,113
411,95
412,19
413,11
414,54
415,12
416,4
417,10
418,21
419,12
420,4
421,9
422,12
423,150
424,37
425,47
426,5
427,10
428,69
429,12
430,16
431,14
432,9
433,8
434,26
435,26
436,10
437,110
438,18
439,5
440,9
441,84
442,6
443,24
444,57
445,10
446,7
447,4
448,10
449,10
450,41
451,26
452,78
453,53
454,5
455,31
456,47
457,8
458,6
459,9
460,101
461,35
462,24
463,16
464,7
465,39
466,13
467,5
468,9
469,13
470,21
471,9
472,9
473,63
474,49
475,86
476,42
477,9
478,18
479,21
480,39
481,132
482,5
483,6
484,9
485,7
486,10
487,5
488,4
489,15
490,5
491,6
492,31
493,38
494,8
495,23
496,4
497,34
498,39
499,20
500,13
501,4
502,5
503,21
504,23
505,18
506,8
507,29
508,122
509,19
510,5
511,7
512,31
513,15
514,32
515,58
516,33
517,50
518,9
519,62
520,8
521,11
522,20
523,150
524,8
525,11
526,5
527,108
528,24
529,21
530,136
531,8
532,109
533,20
534,4
535,42
536,19
537,9
538,26
539,7
540,38
541,6
542,117
543,16
544,5
545,44
546,15
547,23
548,150
549,146
550,45
551,19
552,12
553,8
554,7
555,46
556,11
557,58
558,4
559,27
560,7
561,7
562,69
563,10
564,5
565,103
566,14
567,5
568,25
569,47
570,29
571,4
572,7
573,4
574,32
575,11
576,31
577,5
578,13
579,9
580,9
581,15
582,34
583,7
584,29
585,7
586,77
587,90
588,5
589,33
590,48
591,4
592,21
593,31
594,20
595,8
596,11
597,7
598,5
599,4
600,74
601,30
602,12
603,57
604,24
605,6
606,5
607,34
608,10
609,25
610,26
611,10
612,21
613,10
614,18
615,8
616,4
617,9
618,4
619,35
620,48
621,11
622,34
623,74
624,9
625,14
626,6
627,10
628,47
629,23
630,62
631,6
632,8
633,13
634,35
635,17
636,75
637,22
638,80
639,4
640,24
641,5
642,14
643,21
644,8
645,50
646,46
647,35
648,14
649,7
650,95
651,26
652,4
653,37
654,82
655,35
656,11
657,18
658,22
659,120
660,14
661,25
662,22
663,31
664,4
665,20
666,34
667,7
668,83
669,18
670,27
671,9
672,80
673,15
674,8
675,78
676,41
677,149
678,16
679,7
680,7
681,15
682,5
683,7
684,28
685,5
686,63
687,7
688,27
689,36
690,20
691,113
692,14
693,8
694,38
695,80
696,25
697,54
698,117
699,6
700,16
701,95
702,4
703,14
704,26
705,30
706,10
707,4
708,16
709,138
710,28
711,56
712,48
713,84
714,19
715,78
716,7
717,33
718,5
719,46
720,116
721,11
722,4
723,31
724,16
725,14
726,49
727,33
728,29
729,10
730,114
731,35
732,23
733,8
734,78
735,22
736,43
737,6
738,25
739,7
740,15
741,8
742,29
743,59
744,5
745,84
746,6
747,16
748,91
749,11
750,5
751,150
752,43
753,31
754,25
755,7
756,93
757,5
758,19
759,12
760,4
761,9
762,5
763,27
764,80
765,9
766,34
767,9
768,13
769,125
770,5
771,19
772,9
773,44
774,4
775,20
776,100
777,32
778,9
779,101
780,46
781,4
782,23
783,6
784,21
785,12
786,23
787,39
788,23
789,4
790,65
791,17
792,30
793,8
794,29
795,92
796,16
797,65
798,8
799,53
800,57
801,100
802,10
803,8
804,14
805,13
806,6
807,55
808,18
809,25
810,13
811,18
812,13
813,7
814,5
815,39
816,79
817,34
818,12
819,20
820,4
821,58
822,24
823,61
824,8
825,7
826,4
827,23
828,27
829,34
830,11
831,34
832,4
833,10
834,5
835,14
836,13
837,35
838,127
839,50
840,5
841,7
842,25
843,16
844,10
845,50
846,12
847,11
848,23
849,105
850,15
851,6
852,22
853,100
854,113
855,10
856,14
857,38
858,30
859,8
860,16
861,23
862,12
863,27
864,8
865,7
866,8
867,15
868,134
869,7
870,8
871,21
872,34
873,5
874,16
875,22
876,113
877,9
878,8
879,23
880,141
881,15
882,7
883,19
884,12
885,7
886,19
887,14
888,150
889,45
890,44
891,6
892,22
893,14
894,12
895,12
896,40
897,4
898,64
899,5
900,6
901,5
902,14
903,49
904,24
905,4
906,4
907,7
908,14
909,32
910,102
911,8
912,9
913,12
914,19
915,11
916,5
917,28
918,65
919,15
920,31
921,68
922,9
923,39
924,13
925,21
926,38
927,42
928,71
929,19
930,31
931,4
932,12
933,99
934,77
935,17
936,69
937,6
938,33
939,26
940,5
941,5
942,16
943,9
944,32
945,6
946,4
947,101
948,73
949,11
950,4
951,31
952,37
953,25
954,67
955,21
956,65
957,31
958,19
959,25
960,10
961,10
962,84
963,15
964,15
965,33
966,18
967,12
968,5
969,104
970,44
971,7
972,43
973,12
974,80
975,11
976,48
977,8
978,14
979,27
980,45
981,10
982,15
983,119
984,29
985,4
986,35
987,14
988,8
989,20
990,12
991,6
992,11
993,7
994,9
995,59
996,6
997,27
998,82
999,16
1000,75
1001,13
1002,5
1003,96
1004,18
1005,8
1006,6
1007,10
1008,10
1009,150
1010,7
1011,11
1012,9
1013,7
1014,150
1015,30
1016,102
1017,24
1018,142
1019,17
1020,26
1021,29
1022,8
1023,8
1024,6
1025,8
1026,9
1027,12
1028,51
1029,34
1030,31
1031,20
1032,38
1033,67
1034,18
1035,10
1036,7
1037,29
1038,5
1039,51
1040,17
1041,9
1042,7
1043,28
1044,7
1045,5
1046,15
1047,8
1048,7
1049,106
1050,136
1051,13
1052,67
1053,25
1054,15
1055,15
1056,35
1057,71
1058,101
1059,16
1060,10
1061,38
1062,20
1063,20
1064,17
1065,24
1066,19
1067,109
1068,110
1069,4
1070,28
1071,21
1072,23
1073,38
1074,8
1075,8
1076,61
1077,25
1078,24
1079,10
1080,6
1081,11
1082,5
1083,36
1084,7
1085,62
1086,78
1087,150
1088,14
1089,14
1090,6
1091,10
1092,14
1093,32
1094,7
1095,53
1096,33
1097,6
1098,37
1099,100
1100,101
1101,5
1102,12
1103,10
1104,32
1105,12
1106,15
1107,8
1108,41
1109,9
1110,6
1111,117
1112,63
1113,26
1114,21
1115,28
1116,125
1117,6
1118,79
1119,123
1120,57
1121,22
1122,6
1123,77
1124,108
1125,4
1126,26
1127,99
1128,20
1129,55
1130,20
1131,32
1132,33
1133,30
1134,34
1135,11
1136,106
1137,17
1138,36
1139,74
1140,93
1141,52
1142,10
1143,4
1144,11
1145,75
1146,66
1147,11
1148,17
1149,150
1150,61
1151,29
1152,15
1153,4
1154,36
1155,14
1156,4
1157,12
1158,24
1159,21
1160,19
1161,31
1162,12
1163,91
1164,28
1165,5
1166,14
1167,46
1168,23
1169,51
1170,5
1171,88
1172,72
1173,4
1174,14
1175,25
1176,15
1177,7
1178,46
1179,7
1180,150
1181,72
1182,37
1183,55
1184,18
1185,41
1186,6
1187,6
1188,5
1189,5
1190,21
1191,5
1192,55
1193,114
1194,19
1195,22
1196,4
1197,20
1198,35
1199,7
1200,13
1201,102
1202,124
1203,27
1204,17
1205,28
1206,111
1207,9
1208,44
1209,7
1210,79
1211,13
1212,4
1213,9
1214,23
1215,42
1216,10
1217,47
1218,44
1219,39
1220,44
1221,13
1222,29
1223,107
1224,5
1225,4
1226,30
1227,50
1228,6
1229,50
1230,22
1231,27
1232,12
1233,4
1234,10
1235,4
1236,6
1237,9
1238,17
1239,6
1240,38
1241,111
1242,73
1243,104
1244,7
1245,107
1246,7
1247,18
1248,5
1249,4
1250,9
1251,23
1252,14
1253,22
1254,47
1255,6
1256,9
1257,8
1258,12
1259,100
1260,39
1261,31
1262,55
1263,121
1264,68
1265,122
1266,34
1267,40
1268,6
1269,5
1270,34
1271,56
1272,66
1273,109
1274,6
1275,15
1276,7
1277,13
1278,72
1279,10
1280,28
1281,4
1282,9
1283,100
1284,150
1285,13
1286,18
1287,25
1288,7
1289,11
1290,56
1291,9
1292,13
1293,52
1294,8
1295,9
1296,97
1297,111
1298,46
1299,33
1300,59
1301,12
1302,117
1303,16
1304,4
1305,92
1306,4
1307,17
1308,4
1309,4
1310,37
1311,31
1312,5
1313,45
1314,18
1315,7
1316,129
1317,4
1318,5
1319,23
1320,34
1321,76
1322,29
1323,21
1324,56
1325,7
1326,14
1327,25
1328,82
1329,9
1330,30
1331,6
1332,105
1333,11
1334,61
1335,4
1336,13
1337,26
1338,42
1339,130
1340,17
1341,18
1342,55
1343,15
1344,37
1345,5
1346,31
1347,27
1348,8
1349,22
1350,4
1351,31
1352,12
1353,118
1354,10
1355,92
1356,35
1357,46
1358,19
1359,20
1360,26
1361,43
1362,4
1363,11
1364,13
1365,28
1366,42
1367,8
1368,80
1369,29
1370,8
1371,10
1372,14
1373,20
1374,12
1375,18
1376,102
1377,11
1378,6
1379,50
1380,13
1381,7
1382,132
1383,4
1384,4
1385,16
1386,44
1387,10
1388,82
1389,61
1390,41
1391,48
1392,21
1393,5
1394,62
1395,37
1396,10
1397,7
1398,57
1399,11
1400,11
1401,9
1402,13
1403,66
1404,9
1405,4
1406,36
1407,27
1408,16
1409,15
1410,12
1411,4
1412,37
1413,14
1414,35
1415,4
1416,5
1417,57
1418,10
1419,55
1420,39
1421,122
1422,16
1423,8
1424,127
1425,76
1426,30
1427,10
1428,4
1429,23
1430,4
1431,7
1432,17
1433,55
1434,7
1435,13
1436,31
1437,8
1438,6
1439,27
1440,20
1441,32
1442,8
1443,5
1444,6
1445,19
1446,149
1447,150
1448,150
1449,21
1450,125
1451,4
1452,5
1453,4
1454,12
1455,4
1456,61
1457,19
1458,4
1459,5
1460,10
1461,7
1462,23
1463,21
1464,111
1465,50
1466,17
1467,20
1468,6
1469,121
1470,5
1471,46
1472,48
1473,26
1474,15
1475,14
1476,6
1477,6
1478,5
1479,8
1480,20
1481,12
1482,51
1483,62
1484,4
1485,9
1486,8
1487,4
1488,97
1489,36
1490,50
1491,21
1492,4
1493,19
1494,36
1495,109
1496,39
1497,23
1498,26
1499,23
1500,104
1501,54
1502,54
1503,8
1504,63
1505,21
1506,21
1507,5
1508,59
1509,6
1510,18
1511,6
1512,28
1513,25
1514,4
1515,58
1516,12
1517,5
1518,17
1519,4
1520,14
1521,15
1522,18
1523,50
1524,20
1525,6
1526,20
1527,13
1528,6
1529,80
1530,7
1531,25
1532,15
1533,4
1534,5
1535,7
1536,7
1537,18
1538,5
1539,23
1540,5
1541,58
1542,34
1543,33
1544,43
1545,68
1546,26
1547,9
1548,4
1549,5
1550,33
1551,51
1552,8
1553,6
1554,15
1555,69
1556,11
1557,5
1558,10
1559,32
1560,32
1561,7
1562,16
1563,24
1564,9
1565,4
1566,20
1567,5
1568,18
1569,13
1570,30
1571,9
1572,5
1573,10
1574,10
1575,9
1576,25
1577,6
1578,126
1579,7
1580,8
1581,4
1582,10
1583,92
1584,22
1585,83
1586,105
1587,9
1588,19
1589,8
1590,62
1591,61
1592,41
1593,29
1594,26
1595,4
1596,46
1597,36
1598,105
1599,78
1600,41
1601,24
1602,14
1603,4
1604,146
1605,41
1606,55
1607,28
1608,71
1609,5
1610,105
1611,4
1612,129
1613,12
1614,4
1615,50
1616,45
1617,18
1618,6
1619,7
1620,4
1621,5
1622,14
1623,70
1624,9
1625,54
1626,9
1627,90
1628,13
1629,23
1630,52
1631,126
1632,6
1633,21
1634,129
1635,34
1636,17
1637,7
1638,105
1639,32
1640,46
1641,14
1642,46
1643,9
1644,102
1645,12
1646,138
1647,29
1648,11
1649,42
1650,7
1651,5
1652,5
1653,9
1654,35
1655,5
1656,9
1657,79
1658,11
1659,12
1660,7
1661,5
1662,9
1663,4
1664,12
1665,79
1666,99
1667,5
1668,6
1669,11
1670,113
1671,7
1672,16
1673,4
1674,106
1675,136
1676,8
1677,24
1678,16
1679,150
1680,24
1681,5
1682,35
1683,12
1684,86
1685,5
1686,78
1687,26
1688,25
1689,29
1690,10
1691,41
1692,62
1693,79
1694,39
1695,62
1696,70
1697,145
1698,69
1699,9
1700,105
1701,16
1702,5
1703,7
1704,17
1705,42
1706,17
1707,4
1708,42
1709,15
1710,5
1711,101
1712,4
1713,54
1714,9
1715,39
1716,84
1717,6
1718,5
1719,9
1720,23
1721,41
1722,29
1723,31
1724,7
1725,76
1726,101
1727,9
1728,11
1729,4
1730,13
1731,6
1732,133
1733,14
1734,15
1735,39
1736,127
1737,13
1738,15
1739,13
1740,116
1741,9
1742,19
1743,28
1744,14
1745,65
1746,21
1747,108
1748,106
1749,14
1750,4
1751,86
1752,56
1753,5
1754,73
1755,9
1756,77
1757,86
1758,50
1759,13
1760,22
1761,14
1762,5
1763,111
1764,21
1765,5
1766,61
1767,28
1768,14
1769,17
1770,4
1771,6
1772,12
1773,8
1774,31
1775,84
1776,11
1777,104
1778,29
1779,111
1780,21
1781,7
1782,4
1783,10
1784,10
1785,10
1786,5
1787,6
1788,11
1789,67
1790,29
1791,7
1792,57
1793,90
1794,5
1795,35
1796,35
1797,13
1798,18
1799,50
1800,4
1801,42
1802,56
1803,23
1804,34
1805,42
1806,40
1807,6
1808,11
1809,8
1810,6
1811,119
1812,4
1813,9
1814,7
1815,12
1816,24
1817,8
1818,23
1819,63
1820,5
1821,13
1822,5
1823,31
1824,30
1825,11
1826,9
1827,28
1828,6
1829,6
1830,22
1831,8
1832,20
1833,13
1834,127
1835,83
1836,128
1837,5
1838,17
1839,4
1840,45
1841,93
1842,23
1843,4
1844,44
1845,12
1846,8
1847,4
1848,4
1849,15
1850,100
1851,10
1852,31
1853,49
1854,16
1855,26
1856,8
1857,19
1858,9
1859,58
1860,92
1861,7
1862,20
1863,4
1864,66
1865,27
1866,10
1867,10
1868,9
1869,31
1870,23
1871,6
1872,39
1873,12
1874,67
1875,6
1876,29
1877,16
1878,52
1879,145
1880,11
1881,44
1882,87
1883,120
1884,11
1885,5
1886,25
1887,6
1888,112
1889,40
1890,55
1891,4
1892,5
1893,34
1894,17
1895,41
1896,115
1897,5
1898,125
1899,8
1900,30
1901,51
1902,39
1903,70
1904,9
1905,5
1906,4
1907,41
1908,11
1909,10
1910,6
1911,144
1912,8
1913,4
1914,7
1915,78
1916,19
1917,4
1918,11
1919,110
1920,17
1921,85
1922,11
1923,17
1924,61
1925,108
1926,4
1927,42
1928,5
1929,64
1930,17
1931,15
1932,6
1933,11
1934,11
1935,5
1936,59
1937,35
1938,44
1939,12
1940,150
1941,11
1942,118
1943,13
1944,14
1945,15
1946,29
1947,34
1948,20
1949,27
1950,25
1951,50
1952,6
1953,30
1954,8
1955,13
1956,10
1957,135
1958,12
1959,43
1960,17
1961,103
1962,16
1963,4
1964,12
1965,8
1966,4
1967,88
1968,101
1969,10
1970,6
1971,16
1972,7
1973,101
1974,9
1975,24
1976,13
1977,30
1978,7
1979,150
1980,13
1981,31
1982,104
1983,56
1984,32
1985,4
1986,9
1987,112
1988,5
1989,7
1990,4
1991,18
1992,4
1993,5
1994,17
1995,35
1996,8
1997,71
1998,17
1999,19
2000,9
2001,33
2002,12
2003,21
2004,18
2005,8
2006,8
2007,35
2008,10
2009,123
2010,49
2011,111
2012,16
2013,10
2014,140
2015,66
2016,23
2017,89
2018,6
2019,94
2020,29
2021,38
2022,57
2023,51
2024,23
2025,43
2026,21
2027,5
2028,45
2029,108
2030,45
2031,12
2032,11
2033,7
2034,34
2035,13
2036,4
2037,88
2038,24
2039,9
2040,105
2041,53
2042,18
2043,5
2044,5
2045,16
2046,57
2047,7
2048,7
2049,52
2050,45
2051,6
2052,5
2053,67
2054,27
2055,51
2056,13
2057,18
2058,50
2059,52
2060,4
2061,17
2062,150
2063,49
2064,6
2065,5
2066,39
2067,25
2068,15
2069,20
2070,47
2071,41
2072,114
2073,7
2074,8
2075,16
2076,118
2077,20
2078,19
2079,6
2080,9
2081,14
2082,8
2083,31
2084,54
2085,6
2086,10
2087,88
2088,19
2089,45
2090,29
2091,122
2092,11
2093,14
2094,15
2095,24
2096,34
2097,74
2098,7
2099,61
2100,21
2101,103
2102,17
2103,10
2104,101
2105,140
2106,5
2107,4
2108,124
2109,44
2110,4
2111,10
2112,9
2113,30
2114,11
2115,147
2116,9
2117,17
2118,35
2119,32
2120,38
2121,41
2122,7
2123,112
2124,45
2125,18
2126,33
2127,4
2128,71
2129,13
2130,64
2131,13
2132,4
2133,11
2134,5
2135,32
2136,13
2137,12
2138,10
2139,41
2140,5
2141,15
2142,22
2143,20
2144,43
2145,20
2146,19
2147,51
2148,10
2149,6
2150,7
2151,4
2152,70
2153,9
2154,14
2155,63
2156,29
2157,22
2158,6
2159,4
2160,24
2161,36
2162,19
2163,94
2164,45
2165,42
2166,44
2167,73
2168,7
2169,25
2170,20
2171,90
2172,59
2173,35
2174,33
2175,35
2176,40
2177,34
2178,29
2179,81
2180,141
2181,4
2182,7
2183,6
2184,58
2185,58
2186,27
2187,81
2188,7
2189,26
2190,7
2191,24
2192,5
2193,21
2194,51
2195,7
2196,11
2197,13
2198,25
2199,15
2200,13
2201,14
2202,103
2203,6
2204,100
2205,31
2206,4
2207,53
2208,4
2209,5
2210,59
2211,20
2212,7
2213,16
2214,37
2215,10
2216,8
2217,6
2218,42
2219,5
2220,32
2221,43
2222,102
2223,7
2224,79
2225,10
2226,9
2227,12
2228,7
2229,46
2230,87
2231,63
2232,41
2233,4
2234,28
2235,19
2236,88
2237,17
2238,23
2239,19
2240,25
2241,66
2242,12
2243,85
2244,10
2245,34
2246,51
2247,21
2248,14
2249,13
2250,82
2251,4
2252,6
2253,16
2254,35
2255,13
2256,7
2257,71
2258,45
2259,5
2260,48
2261,26
2262,47
2263,60
2264,46
2265,20
2266,10
2267,4
2268,5
2269,20
2270,65
2271,25
2272,14
2273,8
2274,7
2275,21
2276,5
2277,13
2278,84
2279,15
2280,15
2281,37
2282,8
2283,10
2284,10
2285,9
2286,5
2287,103
2288,7
2289,33
2290,8
2291,4
2292,56
2293,12
2294,4
2295,5
2296,8
2297,24
2298,15
2299,10
2300,10
2301,39
2302,61
2303,137
2304,15
2305,14
2306,29
2307,12
2308,34
2309,20
2310,4
2311,7
2312,8
2313,7
2314,8
2315,30
2316,12
2317,13
2318,12
2319,20
2320,22
2321,13
2322,53
2323,17
2324,5
2325,11
2326,11
2327,8
2328,8
2329,24
2330,14
2331,9
2332,12
2333,66
2334,19
2335,4
2336,11
2337,37
2338,4
2339,79
2340,11
2341,15
2342,7
2343,37
2344,4
2345,13
2346,4
2347,41
2348,23
2349,23
2350,28
2351,23
2352,39
2353,13
2354,28
2355,4
2356,5
2357,7
2358,11
2359,7
2360,9
2361,9
2362,6
2363,5
2364,9
2365,8
2366,10
2367,46
2368,5
2369,15
2370,16
2371,14
2372,4
2373,31
2374,5
2375,98
2376,7
2377,52
2378,5
2379,81
2380,4
2381,12
2382,91
2383,6
2384,4
2385,14
2386,12
2387,4
2388,59
2389,15
2390,14
2391,8
2392,29
2393,14
2394,44
2395,7
2396,12
2397,23
2398,4
2399,10
2400,10
2401,102
2402,36
2403,19
2404,11
2405,20
2406,30
2407,13
2408,26
2409,22
2410,65
2411,6
2412,5
2413,46
2414,7
2415,9
2416,5
2417,11
2418,102
2419,9
2420,12
2421,4
2422,15
2423,29
2424,11
2425,7
2426,24
2427,16
2428,25
2429,8
2430,5
2431,7
2432,6
2433,4
2434,23
2435,85
2436,8
2437,40
2438,18
2439,4
2440,5
2441,5
2442,5
2443,21
2444,48
2445,84
2446,11
2447,14
2448,5
2449,5
2450,31
2451,10
2452,112
2453,60
2454,38
2455,73
2456,99
2457,33
2458,24
2459,10
2460,20
2461,50
2462,21
2463,7
2464,47
2465,40
2466,4
2467,25
2468,11
2469,4
2470,7
2471,58
2472,7
2473,6
2474,7
2475,12
2476,12
2477,57
2478,6
2479,9
2480,26
2481,7
2482,14
2483,104
2484,49
2485,30
2486,7
2487,4
2488,79
2489,4
2490,22
2491,17
2492,17
2493,7
2494,7
2495,101
2496,24
2497,30
2498,9
2499,28
2500,17
2501,4
2502,40
2503,60
2504,6
2505,50
2506,135
2507,12
2508,8
2509,8
2510,5
2511,6
2512,13
2513,6
2514,10
2515,4
2516,10
2517,8
2518,9
2519,9
2520,10
2521,14
2522,26
2523,5
2524,11
2525,52
2526,4
2527,12
2528,131
2529,4
2530,6
2531,6
2532,26
2533,7
2534,13
2535,11
2536,105
2537,5
2538,8
2539,44
2540,51
2541,5
2542,4
2543,122
2544,10
2545,23
2546,27
2547,8
2548,4
2549,18
2550,15
2551,16
2552,4
2553,8
2554,31
2555,9
2556,14
2557,9
2558,39
2559,8
2560,15
2561,34
2562,5
2563,24
2564,60
2565,52
2566,67
2567,6
2568,9
2569,16
2570,13
2571,30
2572,19
2573,6
2574,33
2575,55
2576,10
2577,7
2578,13
2579,14
2580,80
2581,4
2582,66
2583,4
2584,21
2585,9
2586,6
2587,8
2588,42
2589,71
2590,8
2591,88
2592,27
2593,18
2594,31
2595,8
2596,13
2597,5
2598,45
2599,18
2600,5
2601,5
2602,8
2603,13
2604,37
2605,10
2606,12
2607,45
2608,40
2609,9
2610,85
2611,8
2612,4
2613,6
2614,12
2615,10
2616,16
2617,5
2618,18
2619,31
2620,63
2621,7
2622,10
2623,61
2624,28
2625,4
2626,97
2627,40
2628,54
2629,10
2630,17
2631,8
2632,7
2633,55
2634,11
2635,12
2636,11
2637,102
2638,6
2639,4
2640,63
2641,14
2642,90
2643,4
2644,56
2645,4
2646,4
2647,21
2648,43
2649,9
2650,23
2651,8
2652,5
2653,20
2654,15
2655,26
2656,4
2657,6
2658,32
2659,9
2660,19
2661,8
2662,31
2663,73
2664,132
2665,18
2666,6
2667,43
2668,23
2669,56
2670,4
2671,10
2672,4
2673,23
2674,8
2675,45
2676,7
2677,8
2678,68
2679,42
2680,44
2681,22
2682,51
2683,43
2684,39
2685,4
2686,4
2687,27
2688,20
2689,4
2690,48
2691,26
2692,27
2693,14
2694,12
2695,4
2696,6
2697,8
2698,20
2699,58
2700,22
2701,8
2702,18
2703,9
2704,4
2705,5
2706,4
2707,7
2708,6
2709,6
2710,7
2711,13
2712,5
2713,4
2714,15
2715,4
2716,5
2717,23
2718,23
2719,7
2720,6
2721,4
2722,16
2723,41
2724,7
2725,16
2726,17
2727,13
2728,4
2729,31
2730,56
2731,9
2732,19
2733,24
2734,4
2735,20
2736,79
2737,21
2738,6
2739,29
2740,7
2741,21
2742,87
2743,27
2744,39
2745,11
2746,27
2747,65
2748,18
2749,40
2750,35
2751,75
2752,100
2753,20
2754,4
2755,47
2756,25
2757,5
2758,4
2759,13
2760,96
2761,9
2762,5
2763,70
2764,42
2765,20
2766,5
2767,16
2768,29
2769,9
2770,57
2771,35
2772,16
2773,55
2774,5
2775,70
2776,137
2777,21
2778,34
2779,8
2780,56
2781,12
2782,10
2783,31
2784,32
2785,59
2786,27
2787,24
2788,18
2789,24
2790,9
2791,38
2792,128
2793,28
2794,20
2795,80
2796,9
2797,15
2798,4
2799,18
2800,20
2801,16
2802,22
2803,34
2804,17
2805,15
2806,67
2807,27
2808,21
2809,80
2810,16
2811,24
2812,4
2813,34
2814,11
2815,4
2816,16
2817,58
2818,4
2819,139
2820,6
2821,12
2822,9
2823,49
2824,44
2825,52
2826,6
2827,11
2828,7
2829,17
2830,7
2831,31
2832,10
2833,4
2834,7
2835,4
2836,47
2837,7
2838,7
2839,70
2840,89
2841,17
2842,7
2843,21
2844,10
2845,20
2846,79
2847,44
2848,31
2849,8
2850,6
2851,27
2852,17
2853,82
2854,14
2855,10
2856,129
2857,14
2858,26
2859,100
2860,9
2861,17
2862,23
2863,10
2864,18
2865,41
2866,5
2867,38
2868,6
2869,28
2870,5
2871,84
2872,46
2873,20
2874,7
2875,38
2876,9
2877,119
2878,5
2879,54
2880,17
2881,24
2882,29
2883,4
2884,38
2885,17
2886,109
2887,75
2888,39
2889,28
2890,11
2891,18
2892,4
2893,22
2894,101
2895,64
2896,23
2897,21
2898,85
2899,59
2900,49
2901,4
2902,29
2903,10
2904,25
2905,11
2906,134
2907,4
2908,150
2909,28
2910,12
2911,8
2912,66
2913,14
2914,14
2915,46
2916,14
2917,77
2918,31
2919,4
2920,25
2921,14
2922,4
2923,9
2924,5
2925,68
2926,12
2927,84
2928,72
2929,4
2930,44
2931,5
2932,24
2933,112
2934,28
2935,11
2936,20
2937,40
2938,29
2939,6
2940,71
2941,25
2942,24
2943,34
2944,13
2945,92
2946,27
2947,10
2948,9
2949,13
2950,13
2951,33
2952,18
2953,7
2954,38
2955,5
2956,12
2957,8
2958,14
2959,6
2960,8
2961,112
2962,7
2963,9
2964,5
2965,41
2966,102
2967,34
2968,34
2969,9
2970,7
2971,33
2972,12
2973,24
2974,20
2975,28
2976,4
2977,34
2978,8
2979,27
2980,6
2981,4
2982,11
2983,4
2984,36
2985,122
2986,10
2987,12
2988,21
2989,52
2990,11
2991,8
2992,16
2993,75
2994,68
2995,95
2996,33
2997,10
2998,27
2999,21
3000,61
3001,29
3002,15
3003,24
3004,22
3005,10
3006,47
3007,6
3008,5
3009,21
3010,18
3011,64
3012,93
3013,34
3014,8
3015,8
3016,72
3017,111
3018,5
3019,34
3020,4
3021,30
3022,12
3023,43
3024,29
3025,71
3026,4
3027,22
3028,126
3029,5
3030,100
3031,150
3032,26
3033,5
3034,16
3035,23
3036,12
3037,23
3038,12
3039,4
3040,21
3041,14
3042,5
3043,60
3044,29
3045,15
3046,14
3047,14
3048,14
3049,12
3050,81
3051,16
3052,36
3053,102
3054,57
3055,52
3056,32
3057,29
3058,8
3059,7
3060,6
3061,12
3062,12
3063,8
3064,56
3065,18
3066,132
3067,4
3068,43
3069,7
3070,5
3071,42
3072,11
3073,28
3074,53
3075,4
3076,15
3077,6
3078,17
3079,105
3080,76
3081,74
3082,19
3083,15
3084,24
3085,22
3086,59
3087,10
3088,10
3089,12
3090,12
3091,10
3092,35
3093,8
3094,34
3095,39
3096,12
3097,18
3098,31
3099,11
3100,54
3101,6
3102,7
3103,5
3104,24
3105,13
3106,14
3107,96
3108,11
3109,60
3110,24
3111,42
3112,10
3113,21
3114,7
3115,17
3116,7
3117,107
3118,18
3119,7
3120,54
3121,5
3122,31
3123,5
3124,70
3125,16
3126,8
3127,63
3128,100
3129,13
3130,15
3131,5
3132,4
3133,20
3134,24
3135,8
3136,10
3137,42
3138,11
3139,64
3140,12
3141,18
3142,42
3143,7
3144,22
3145,12
3146,42
3147,20
3148,5
3149,15
3150,34
3151,6
3152,8
3153,37
3154,17
3155,12
3156,31
3157,59
3158,47
3159,5
3160,14
3161,16
3162,135
3163,6
3164,6
3165,8
3166,44
3167,6
3168,25
3169,14
3170,26
3171,21
3172,19
3173,17
3174,17
3175,4
3176,12
3177,42
3178,5
3179,98
3180,5
3181,112
3182,22
3183,21
3184,18
3185,7
3186,5
3187,4
3188,102
3189,7
3190,81
3191,30
3192,38
3193,6
3194,38
3195,61
3196,27
3197,21
3198,20
3199,31
3200,89
3201,28
3202,32
3203,9
3204,61
3205,20
3206,19
3207,76
3208,46
3209,29
3210,19
3211,5
3212,27
3213,7
3214,7
3215,64
3216,70
3217,12
3218,28
3219,14
3220,8
3221,4
3222,12
3223,150
3224,4
3225,24
3226,68
3227,31
3228,39
3229,29
3230,30
3231,12
3232,32
3233,4
3234,7
3235,4
3236,15
3237,6
3238,14
3239,30
3240,11
3241,42
3242,45
3243,4
3244,15
3245,46
3246,5
3247,16
3248,13
3249,24
3250,11
3251,7
3252,33
3253,4
3254,9
3255,11
3256,16
3257,8
3258,79
3259,45
3260,103
3261,18
3262,22
3263,5
3264,100
3265,30
3266,19
3267,13
3268,16
3269,24
3270,67
3271,133
3272,4
3273,39
3274,4
3275,5
3276,30
3277,9
3278,21
3279,114
3280,38
3281,4
3282,49
3283,8
3284,112
3285,5
3286,4
3287,5
3288,15
3289,35
3290,4
3291,143
3292,9
3293,19
3294,14
3295,14
3296,25
3297,6
3298,60
3299,72
3300,62
3301,17
3302,5
3303,34
3304,20
3305,10
3306,5
3307,120
3308,54
3309,13
3310,142
3311,116
3312,94
3313,66
3314,36
3315,8
3316,22
3317,14
3318,24
3319,105
3320,16
3321,9
3322,25
3323,4
3324,5
3325,7
3326,71
3327,54
3328,27
3329,4
3330,28
3331,20
3332,38
3333,20
3334,5
3335,116
3336,16
3337,8
3338,16
3339,23
3340,30
3341,11
3342,9
3343,11
3344,28
3345,45
3346,9
3347,9
3348,28
3349,9
3350,5
3351,19
3352,47
3353,6
3354,6
3355,47
3356,13
3357,46
3358,17
3359,11
3360,32
3361,15
3362,48
3363,22
3364,69
3365,5
3366,71
3367,19
3368,6
3369,39
3370,96
3371,6
3372,6
3373,20
3374,5
3375,4
3376,33
3377,47
3378,7
3379,90
3380,5
3381,11
3382,10
3383,25
3384,7
3385,29
3386,27
3387,4
3388,107
3389,40
3390,150
3391,6
3392,53
3393,65
3394,11
3395,4
3396,5
3397,11
3398,30
3399,43
3400,133
3401,66
3402,41
3403,5
3404,8
3405,8
3406,4
3407,23
3408,8
3409,123
3410,70
3411,58
3412,25
3413,59
3414,33
3415,94
3416,18
3417,42
3418,24
3419,44
3420,4
3421,76
3422,63
3423,14
3424,98
3425,24
3426,7
3427,36
3428,7
3429,81
3430,12
3431,23
3432,17
3433,34
3434,25
3435,40
3436,10
3437,16
3438,17
3439,5
3440,64
3441,37
3442,5
3443,22
3444,28
3445,7
3446,17
3447,5
3448,12
3449,37
3450,12
3451,17
3452,59
3453,72
3454,4
3455,11
3456,32
3457,32
3458,5
3459,16
3460,7
3461,105
3462,7
3463,74
3464,11
3465,7
3466,11
3467,13
3468,91
3469,16
3470,132
3471,10
3472,31
3473,40
3474,112
3475,120
3476,27
3477,14
3478,18
3479,9
3480,28
3481,14
3482,116
3483,41
3484,9
3485,19
3486,63
3487,4
3488,21
3489,48
3490,122
3491,12
3492,32
3493,7
3494,4
3495,5
3496,18
3497,23
3498,87
3499,12
3500,39
3501,6
3502,98
3503,42
3504,20
3505,13
3506,142
3507,7
3508,80
3509,13
3510,41
3511,81
3512,62
3513,15
3514,20
3515,31
3516,24
3517,100
3518,116
3519,57
3520,77
3521,12
3522,7
3523,30
3524,18
3525,146
3526,7
3527,22
3528,45
3529,4
3530,15
3531,22
3532,18
3533,11
3534,5
3535,33
3536,11
3537,32
3538,150
3539,41
3540,7
3541,4
3542,20
3543,5
3544,5
3545,82
3546,72
3547,5
3548,7
3549,71
3550,17
3551,4
3552,9
3553,6
3554,25
3555,22
3556,78
3557,60
3558,14
3559,27
3560,51
3561,118
3562,42
3563,30
3564,28
3565,6
3566,13
3567,20
3568,87
3569,4
3570,20
3571,22
3572,7
3573,35
3574,7
3575,104
3576,15
3577,54
3578,53
3579,14
3580,6
3581,19
3582,6
3583,13
3584,52
3585,32
3586,8
3587,45
3588,118
3589,92
3590,40
3591,71
3592,12
3593,31
3594,6
3595,25
3596,15
3597,13
3598,35
3599,74
3600,31
3601,17
3602,65
3603,5
3604,23
3605,7
3606,52
3607,20
3608,29
3609,119
3610,41
3611,43
3612,14
3613,31
3614,34
3615,4
3616,9
3617,150
3618,20
3619,86
3620,75
3621,31
3622,4
3623,70
3624,40
3625,135
3626,7
3627,6
3628,12
3629,36
3630,8
3631,5
3632,4
3633,4
3634,32
3635,4
3636,13
3637,25
3638,17
3639,14
3640,97
3641,4
3642,44
3643,8
3644,13
3645,18
3646,6
3647,112
3648,10
3649,128
3650,50
3651,57
3652,22
3653,56
3654,6
3655,15
3656,7
3657,53
3658,19
3659,11
3660,25
3661,17
3662,18
3663,26
3664,43
3665,8
3666,11
3667,7
3668,87
3669,13
3670,20
3671,40
3672,42
3673,18
3674,134
3675,20
3676,28
3677,27
3678,76
3679,11
3680,116
3681,18
3682,108
3683,27
3684,61
3685,15
3686,38
3687,60
3688,45
3689,80
3690,60
3691,14
3692,109
3693,10
3694,60
3695,30
3696,27
3697,23
3698,12
3699,13
3700,16
3701,9
3702,10
3703,43
3704,129
3705,15
3706,10
3707,7
3708,66
3709,13
3710,17
3711,28
3712,81
3713,8
3714,63
3715,78
3716,59
3717,53
3718,7
3719,41
3720,25
3721,6
3722,7
3723,108
3724,5
3725,68
3726,92
3727,12
3728,88
3729,5
3730,25
3731,41
3732,23
3733,10
3734,60
3735,25
3736,30
3737,6
3738,4
3739,9
3740,26
3741,25
3742,6
3743,7
3744,40
3745,69
3746,12
3747,6
3748,23
3749,7
3750,81
3751,37
3752,9
3753,60
3754,14
3755,82
3756,40
3757,10
3758,20
3759,63
3760,34
3761,82
3762,28
3763,5
3764,5
3765,24
3766,8
3767,121
3768,82
3769,53
3770,93
3771,9
3772,72
3773,11
3774,18
3775,8
3776,23
3777,144
3778,11
3779,60
3780,12
3781,13
3782,4
3783,8
3784,7
3785,12
3786,4
3787,4
3788,30
3789,25
3790,25
3791,132
3792,26
3793,8
3794,5
3795,40
3796,5
3797,6
3798,25
3799,14
3800,28
3801,4
3802,4
3803,37
3804,7
3805,33
3806,95
3807,150
3808,9
3809,13
3810,21
3811,22
3812,13
3813,7
3814,24
3815,63
3816,10
3817,9
3818,23
3819,9
3820,122
3821,36
3822,113
3823,150
3824,98
3825,5
3826,37
3827,8
3828,132
3829,27
3830,24
3831,21
3832,62
3833,106
3834,18
3835,101
3836,39
3837,4
3838,17
3839,13
3840,150
3841,116
3842,13
3843,26
3844,14
3845,14
3846,85
3847,15
3848,13
3849,76
3850,17
3851,11
3852,62
3853,16
3854,20
3855,9
3856,10
3857,32
3858,61
3859,34
3860,8
3861,6
3862,5
3863,40
3864,11
3865,17
3866,8
3867,55
3868,10
3869,5
3870,22
3871,9
3872,15
3873,23
3874,7
3875,8
3876,4
3877,96
3878,9
3879,11
3880,16
3881,40
3882,4
3883,115
3884,109
3885,18
3886,63
3887,30
3888,26
3889,14
3890,20
3891,95
3892,10
3893,31
3894,14
3895,29
3896,4
3897,20
3898,10
3899,81
3900,15
3901,33
3902,33
3903,20
3904,16
3905,12
3906,10
3907,32
3908,15
3909,52
3910,5
3911,20
3912,33
3913,22
3914,4
3915,103
3916,19
3917,5
3918,13
3919,12
3920,14
3921,35
3922,20
3923,15
3924,21
3925,13
3926,31
3927,5
3928,111
3929,38
3930,46
3931,6
3932,4
3933,120
3934,33
3935,6
3936,14
3937,18
3938,4
3939,98
3940,10
3941,110
3942,13
3943,10
3944,103
3945,52
3946,20
3947,20
3948,14
3949,14
3950,39
3951,11
3952,46
3953,8
3954,30
3955,6
3956,70
3957,32
3958,5
3959,5
3960,46
3961,14
3962,91
3963,12
3964,58
3965,10
3966,89
3967,17
3968,4
3969,50
3970,73
3971,5
3972,18
3973,24
3974,18
3975,59
3976,6
3977,26
3978,19
3979,8
3980,43
3981,16
3982,26
3983,13
3984,66
3985,10
3986,9
3987,40
3988,45
3989,17
3990,9
3991,89
3992,70
3993,37
3994,32
3995,22
3996,63
3997,64
3998,124
3999,13
4000,86
4001,11
4002,8
4003,25
4004,48
4005,42
4006,104
4007,4
4008,61
4009,4
4010,10
4011,9
4012,44
4013,45
4014,20
4015,117
4016,7
4017,29
4018,5
4019,16
4020,126
4021,83
4022,17
4023,50
4024,5
4025,60
4026,10
4027,103
4028,15
4029,24
4030,10
4031,30
4032,116
4033,21
4034,11
4035,25
4036,10
4037,4
4038,10
4039,37
4040,134
4041,89
4042,26
4043,12
4044,8
4045,7
4046,9
4047,122
4048,75
4049,33
4050,20
4051,6
4052,100
4053,111
4054,81
4055,4
4056,7
4057,100
4058,9
4059,51
4060,7
4061,64
4062,11
4063,150
4064,4
4065,19
4066,16
4067,4
4068,6
4069,27
4070,22
4071,50
4072,4
4073,5
4074,10
4075,9
4076,45
4077,53
4078,86
4079,16
4080,10
4081,24
4082,126
4083,33
4084,132
4085,63
4086,12
4087,80
4088,120
4089,40
4090,20
4091,14
4092,31
4093,54
4094,12
4095,47
4096,6
4097,22
4098,25
4099,5
4100,19
4101,17
4102,29
4103,30
4104,12
4105,5
4106,70
4107,6
4108,5
4109,4
4110,10
4111,64
4112,6
4113,40
4114,101
4115,72
4116,40
4117,41
4118,10
4119,9
4120,25
4121,63
4122,21
4123,62
4124,9
4125,71
4126,17
4127,10
4128,5
4129,34
4130,24
4131,26
4132,23
4133,23
4134,13
4135,7
4136,17
4137,12
4138,70
4139,123
4140,45
4141,4
4142,4
4143,28
4144,5
4145,5
4146,12
4147,18
4148,10
4149,80
4150,7
4151,31
4152,33
4153,4
4154,12
4155,78
4156,11
4157,4
4158,4
4159,24
4160,91
4161,25
4162,5
4163,7
4164,10
4165,4
4166,93
4167,20
4168,150
4169,16
4170,29
4171,14
4172,11
4173,8
4174,18
4175,4
4176,30
4177,4
4178,32
4179,16
4180,25
4181,9
4182,73
4183,5
4184,10
4185,114
4186,13
4187,8
4188,6
4189,19
4190,5
4191,4
4192,52
4193,34
4194,20
4195,5
4196,4
4197,10
4198,9
4199,9
4200,4
4201,4
4202,29
4203,48
4204,9
4205,9
4206,49
4207,9
4208,4
4209,26
4210,4
4211,31
4212,79
4213,7
4214,57
4215,5
4216,77
4217,20
4218,22
4219,49
4220,17
4221,24
4222,32
4223,67
4224,25
4225,7
4226,150
4227,4
4228,12
4229,4
4230,10
4231,10
4232,26
4233,31
4234,25
4235,10
4236,24
4237,131
4238,13
4239,13
4240,19
4241,26
4242,28
4243,4
4244,18
4245,7
4246,15
4247,17
4248,20
4249,65
4250,19
4251,21
4252,67
4253,4
4254,8
4255,5
4256,27
4257,80
4258,4
4259,64
4260,55
4261,7
4262,7
4263,4
4264,41
4265,13
4266,7
4267,62
4268,45
4269,4
4270,102
4271,22
4272,6
4273,30
4274,6
4275,16
4276,150
4277,7
4278,98
4279,17
4280,40
4281,5
4282,12
4283,31
4284,101
4285,40
4286,58
4287,5
4288,30
4289,11
4290,42
4291,19
4292,8
4293,31
4294,8
4295,12
4296,9
4297,57
4298,20
4299,8
4300,8
4301,49
4302,74
4303,5
4304,118
4305,18
4306,6
4307,20
4308,26
4309,59
4310,18
4311,138
4312,19
4313,6
4314,31
4315,7
4316,10
4317,96
4318,10
4319,16
4320,11
4321,79
4322,27
4323,6
4324,4
4325,25
4326,32
4327,60
4328,34
4329,8
4330,7
4331,4
4332,34
4333,31
4334,96
4335,24
4336,51
4337,6
4338,13
4339,5
4340,6
4341,45
4342,43
4343,150
4344,109
4345,14
4346,27
4347,4
4348,5
4349,14
4350,33
4351,94
4352,26
4353,113
4354,10
4355,51
4356,8
4357,6
4358,16
4359,49
4360,26
4361,52
4362,38
4363,39
4364,4
4365,7
4366,23
4367,26
4368,8
4369,12
4370,28
4371,5
4372,60
4373,25
4374,65
4375,11
4376,37
4377,24
4378,76
4379,30
4380,88
4381,20
4382,4
4383,58
4384,5
4385,137
4386,124
4387,91
4388,25
4389,55
4390,7
4391,5
4392,4
4393,6
4394,6
4395,5
4396,13
4397,4
4398,6
4399,5
4400,40
4401,6
4402,17
4403,74
4404,9
4405,64
4406,46
4407,104
4408,21
4409,5
4410,111
4411,20
4412,4
4413,36
4414,27
4415,33
4416,22
4417,63
4418,4
4419,10
4420,4
4421,89
4422,8
4423,6
4424,143
4425,15
4426,4
4427,14
4428,9
4429,59
4430,8
4431,13
4432,33
4433,9
4434,10
4435,45
4436,48
4437,34
4438,8
4439,17
4440,6
4441,10
4442,16
4443,16
4444,25
4445,84
4446,148
4447,150
4448,38
4449,16
4450,55
4451,39
4452,11
4453,32
4454,10
4455,32
4456,42
4457,82
4458,37
4459,29
4460,31
4461,6
4462,4
4463,4
4464,17
4465,24
4466,36
4467,17
4468,6
4469,61
4470,34
4471,98
4472,84
4473,7
4474,9
4475,40
4476,29
4477,89
4478,11
4479,93
4480,12
4481,128
4482,37
4483,54
4484,28
4485,10
4486,12
4487,69
4488,84
4489,76
4490,37
4491,4
4492,10
4493,14
4494,7
4495,37
4496,100
4497,30
4498,19
4499,5
4500,14
4501,64
4502,7
4503,5
4504,55
4505,103
4506,46
4507,150
4508,42
4509,150
4510,29
4511,31
4512,7
4513,29
4514,4
4515,11
4516,82
4517,16
4518,8
4519,57
4520,45
4521,37
4522,78
4523,57
4524,4
4525,34
4526,4
4527,12
4528,9
4529,11
4530,48
4531,25
4532,11
4533,15
4534,73
4535,6
4536,5
4537,8
4538,23
4539,13
4540,29
4541,5
4542,150
4543,9
4544,6
4545,10
4546,4
4547,4
4548,5
4549,5
4550,16
4551,23
4552,11
4553,4
4554,17
4555,44
4556,17
4557,4
4558,8
4559,58
4560,22
4561,60
4562,8
4563,5
4564,7
4565,30
4566,17
4567,61
4568,17
4569,7
4570,20
4571,29
4572,30
4573,10
4574,25
4575,4
4576,34
4577,106
4578,118
4579,27
4580,16
4581,9
4582,5
4583,12
4584,64
4585,10
4586,8
4587,9
4588,21
4589,10
4590,96
4591,44
4592,60
4593,7
4594,15
4595,41
4596,4
4597,21
4598,9
4599,52
4600,25
4601,15
4602,7
4603,15
4604,40
4605,21
4606,100
4607,15
4608,52
4609,32
4610,74
4611,8
4612,16
4613,4
4614,29
4615,6
4616,14
4617,15
4618,30
4619,26
4620,37
4621,4
4622,7
4623,12
4624,16
4625,77
4626,20
4627,4
4628,6
4629,5
4630,25
4631,11
4632,16
4633,20
4634,62
4635,5
4636,75
4637,7
4638,10
4639,30
4640,8
4641,6
4642,40
4643,28
4644,25
4645,7
4646,139
4647,7
4648,6
4649,28
4650,8
4651,10
4652,80
4653,16
4654,68
4655,43
4656,6
4657,105
4658,40
4659,8
4660,40
4661,35
4662,78
4663,7
4664,4
4665,70
4666,7
4667,6
4668,9
4669,20
4670,33
4671,4
4672,102
4673,19
4674,66
4675,6
4676,4
4677,17
4678,12
4679,64
4680,32
4681,128
4682,13
4683,12
4684,33
4685,18
4686,23
4687,26
4688,14
4689,14
4690,15
4691,6
4692,9
4693,14
4694,6
4695,5
4696,29
4697,5
4698,33
4699,32
4700,12
4701,8
4702,4
4703,65
4704,44
4705,21
4706,8
4707,81
4708,11
4709,7
4710,24
4711,7
4712,13
4713,12
4714,100
4715,13
4716,16
4717,27
4718,6
4719,9
4720,14
4721,6
4722,6
4723,6
4724,150
4725,56
4726,11
4727,119
4728,47
4729,5
4730,11
4731,118
4732,20
4733,34
4734,21
4735,63
4736,21
4737,39
4738,21
4739,10
4740,4
4741,49
4742,6
4743,13
4744,20
4745,19
4746,48
4747,72
4748,4
4749,50
4750,5
4751,4
4752,12
4753,49
4754,5
4755,5
4756,19
4757,5
4758,9
4759,11
4760,7
4761,14
4762,11
4763,8
4764,53
4765,8
4766,9
4767,14
4768,13
4769,6
4770,101
4771,20
4772,20
4773,38
4774,4
4775,5
4776,7
4777,7
4778,42
4779,22
4780,8
4781,23
4782,11
4783,81
4784,54
4785,78
4786,6
4787,60
4788,54
4789,75
4790,50
4791,5
4792,34
4793,20
4794,23
4795,68
4796,11
4797,23
4798,11
4799,50
4800,39
4801,114
4802,7
4803,9
4804,7
4805,31
4806,18
4807,143
4808,35
4809,39
4810,8
4811,25
4812,20
4813,33
4814,44
4815,74
4816,18
4817,10
4818,104
4819,7
4820,46
4821,5
4822,94
4823,45
4824,9
4825,32
4826,14
4827,20
4828,64
4829,22
4830,47
4831,26
4832,16
4833,56
4834,16
4835,13
4836,65
4837,7
4838,4
4839,14
4840,18
4841,13
4842,23
4843,5
4844,30
4845,6
4846,14
4847,10
4848,31
4849,7
4850,4
4851,48
4852,7
4853,32
4854,43
4855,15
4856,12
4857,22
4858,8
4859,9
4860,39
4861,18
4862,6
4863,6
4864,49
4865,15
4866,112
4867,35
4868,57
4869,23
4870,4
4871,8
4872,5
4873,6
4874,20
4875,7
4876,19
4877,8
4878,93
4879,4
4880,4
4881,40
4882,10
4883,77
4884,6
4885,20
4886,84
4887,59
4888,52
4889,34
4890,5
4891,24
4892,18
4893,8
4894,13
4895,8
4896,80
4897,47
4898,49
4899,4
4900,38
4901,27
4902,11
4903,80
4904,20
4905,48
4906,36
4907,22
4908,27
4909,10
4910,16
4911,4
4912,9
4913,10
4914,21
4915,34
4916,47
4917,60
4918,7
4919,10
4920,41
4921,38
4922,6
4923,8
4924,8
4925,4
4926,25
4927,65
4928,8
4929,19
4930,16
4931,66
4932,60
4933,35
4934,4
4935,8
4936,42
4937,7
4938,34
4939,56
4940,6
4941,55
4942,4
4943,4
4944,28
4945,51
4946,20
4947,100
4948,7
4949,94
4950,62
4951,20
4952,43
4953,24
4954,5
4955,50
4956,124
4957,90
4958,37
4959,15
4960,35
4961,43
4962,22
4963,80
4964,28
4965,9
4966,20
4967,5
4968,5
4969,5
4970,5
4971,65
4972,29
4973,5
4974,35
4975,11
4976,36
4977,14
4978,138
4979,42
4980,61
4981,7
4982,28
4983,41
4984,30
4985,5
4986,10
4987,5
4988,15
4989,12
4990,4
4991,4
4992,9
4993,27
4994,71
4995,5
4996,11
4997,15
4998,13
4999,80
5000,45
5001,53
5002,6
5003,8
5004,85
5005,9
5006,4
5007,41
5008,12
5009,10
5010,105
5011,4
5012,14
5013,28
5014,114
5015,19
5016,7
5017,49
5018,35
5019,21
5020,37
5021,7
5022,24
5023,15
5024,25
5025,137
5026,4
5027,4
5028,32
5029,5
5030,12
5031,20
5032,9
5033,28
5034,49
5035,9
5036,21
5037,42
5038,72
5039,22
5040,22
5041,73
5042,5
5043,27
5044,6
5045,136
5046,63
5047,17
5048,38
5049,17
5050,6
5051,4
5052,46
5053,121
5054,8
5055,38
5056,14
5057,9
5058,27
5059,16
5060,42
5061,4
5062,22
5063,19
5064,53
5065,6
5066,7
5067,11
5068,5
5069,97
5070,16
5071,11
5072,5
5073,126
5074,11
5075,21
5076,84
5077,12
5078,12
5079,13
5080,20
5081,46
5082,57
5083,53
5084,44
5085,32
5086,59
5087,6
5088,6
5089,84
5090,60
5091,14
5092,9
5093,11
5094,8
5095,53
5096,26
5097,39
5098,40
5099,135
5100,9
5101,28
5102,61
5103,10
5104,19
5105,14
5106,110
5107,74
5108,26
5109,5
5110,130
5111,63
5112,104
5113,29
5114,8
5115,4
5116,4
5117,24
5118,4
5119,38
5120,32
5121,4
5122,20
5123,53
5124,6
5125,28
5126,10
5127,19
5128,22
5129,5
5130,78
5131,11
5132,13
5133,19
5134,15
5135,42
5136,23
5137,32
5138,25
5139,74
5140,8
5141,65
5142,23
5143,6
5144,4
5145,6
5146,7
5147,20
5148,6
5149,7
5150,31
5151,5
5152,92
5153,6
5154,5
5155,64
5156,18
5157,40
5158,4
5159,5
5160,63
5161,7
5162,100
5163,15
5164,19
5165,23
5166,30
5167,4
5168,23
5169,14
5170,5
5171,91
5172,27
5173,4
5174,6
5175,9
5176,20
5177,54
5178,7
5179,23
5180,10
5181,60
5182,20
5183,60
5184,56
5185,14
5186,23
5187,17
5188,8
5189,8
5190,7
5191,4
5192,40
5193,13
5194,13
5195,16
5196,24
5197,56
5198,7
5199,12
5200,21
5201,6
5202,7
5203,9
5204,71
5205,5
5206,4
5207,24
5208,26
5209,13
5210,20
5211,8
5212,7
5213,6
5214,4
5215,4
5216,26
5217,8
5218,24
5219,122
5220,6
5221,61
5222,40
5223,6
5224,42
5225,16
5226,31
5227,4
5228,13
5229,26
5230,5
5231,26
5232,22
5233,42
5234,7
5235,25
5236,11
5237,4
5238,57
5239,7
5240,18
5241,22
5242,5
5243,7
5244,6
5245,26
5246,6
5247,20
5248,67
5249,57
5250,33
5251,13
5252,29
5253,16
5254,29
5255,132
5256,19
5257,4
5258,6
5259,41
5260,20
5261,12
5262,25
5263,31
5264,56
5265,5
5266,19
5267,96
5268,64
5269,20
5270,85
5271,21
5272,60
5273,5
5274,19
5275,15
5276,61
5277,36
5278,10
5279,5
5280,52
5281,60
5282,58
5283,14
5284,9
5285,36
5286,42
5287,8
5288,94
5289,7
5290,13
5291,6
5292,15
5293,31
5294,4
5295,14
5296,6
5297,11
5298,11
5299,56
5300,27
5301,47
5302,9
5303,7
5304,54
5305,113
5306,11
5307,8
5308,4
5309,19
5310,9
5311,122
5312,17
5313,4
5314,7
5315,7
5316,104
5317,19
5318,77
5319,4
5320,57
5321,20
5322,49
5323,34
5324,9
5325,25
5326,32
5327,10
5328,104
5329,12
5330,16
5331,14
5332,133
5333,11
5334,31
5335,9
5336,35
5337,20
5338,21
5339,42
5340,25
5341,22
5342,7
5343,39
5344,66
5345,10
5346,52
5347,10
5348,48
5349,43
5350,5
5351,41
5352,23
5353,9
5354,36
5355,8
5356,9
5357,5
5358,101
5359,7
5360,37
5361,18
5362,12
5363,70
5364,60
5365,25
5366,150
5367,19
5368,49
5369,5
5370,64
5371,7
5372,6
5373,9
5374,5
5375,51
5376,8
5377,36
5378,7
5379,4
5380,4
5381,13
5382,5
5383,9
5384,9
5385,32
5386,123
5387,4
5388,30
5389,43
5390,4
5391,4
5392,42
5393,134
5394,24
5395,16
5396,77
5397,5
5398,12
5399,4
5400,29
5401,18
5402,32
5403,42
5404,23
5405,24
5406,5
5407,20
5408,4
5409,9
5410,4
5411,55
5412,44
5413,15
5414,11
5415,9
5416,9
5417,50
5418,17
5419,35
5420,16
5421,35
5422,19
5423,27
5424,9
5425,59
5426,16
5427,77
5428,25
5429,28
5430,17
5431,36
5432,122
5433,48
5434,9
5435,6
5436,31
5437,18
5438,4
5439,7
5440,39
5441,12
5442,79
5443,7
5444,29
5445,25
5446,26
5447,70
5448,22
5449,64
5450,18
5451,56
5452,49
5453,12
5454,27
5455,8
5456,34
5457,78
5458,35
5459,17
5460,9
5461,7
5462,56
5463,22
5464,4
5465,45
5466,5
5467,77
5468,23
5469,20
5470,5
5471,63
5472,24
5473,9
5474,75
5475,6
5476,5
5477,6
5478,21
5479,30
5480,10
5481,75
5482,44
5483,15
5484,22
5485,8
5486,9
5487,50
5488,14
5489,24
5490,40
5491,76
5492,107
5493,16
5494,6
5495,16
5496,29
5497,11
5498,13
5499,11
5500,106
5501,24
5502,9
5503,108
5504,18
5505,11
5506,8
5507,15
5508,20
5509,12
5510,122
5511,48
5512,13
5513,8
5514,9
5515,27
5516,62
5517,22
5518,68
5519,33
5520,10
5521,102
5522,75
5523,33
5524,4
5525,56
5526,5
5527,15
5528,4
5529,115
5530,29
5531,20
5532,4
5533,13
5534,37
5535,113
5536,12
5537,34
5538,96
5539,15
5540,5
5541,14
5542,68
5543,9
5544,30
5545,6
5546,30
5547,33
5548,6
5549,113
5550,12
5551,10
5552,52
5553,20
5554,104
5555,55
5556,38
5557,49
5558,7
5559,16
5560,43
5561,15
5562,7
5563,9
5564,36
5565,25
5566,80
5567,68
5568,48
5569,60
5570,22
5571,14
5572,34
5573,35
5574,54
5575,58
5576,5
5577,16
5578,4
5579,82
5580,7
5581,27
5582,24
5583,15
5584,49
5585,5
5586,11
5587,7
5588,7
5589,6
5590,9
5591,25
5592,32
5593,26
5594,41
5595,37
5596,41
5597,28
5598,46
5599,53
5600,19
5601,15
5602,36
5603,50
5604,123
5605,4
5606,29
5607,4
5608,8
5609,8
5610,6
5611,7
5612,17
5613,133
5614,60
5615,26
5616,14
5617,19
5618,18
5619,43
5620,95
5621,17
5622,52
5623,23
5624,30
5625,34
5626,131
5627,4
5628,20
5629,52
5630,15
5631,12
5632,7
5633,60
5634,4
5635,134
5636,9
5637,20
5638,8
5639,6
5640,26
5641,10
5642,150
5643,14
5644,54
5645,20
5646,30
5647,23
5648,40
5649,62
5650,7
5651,21
5652,45
5653,59
5654,23
5655,5
5656,39
5657,25
5658,41
5659,6
5660,25
5661,14
5662,53
5663,57
5664,9
5665,6
5666,65
5667,17
5668,9
5669,14
5670,21
5671,5
5672,13
5673,8
5674,108
5675,29
5676,49
5677,27
5678,36
5679,31
5680,6
5681,110
5682,24
5683,97
5684,8
5685,103
5686,17
5687,20
5688,97
5689,4
5690,26
5691,12
5692,9
5693,5
5694,6
5695,4
5696,5
5697,63
5698,59
5699,7
5700,23
5701,23
5702,14
5703,18
5704,34
5705,33
5706,20
5707,20
5708,24
5709,15
5710,12
5711,16
5712,6
5713,19
5714,16
5715,42
5716,76
5717,38
5718,5
5719,70
5720,9
5721,73
5722,40
5723,19
5724,4
5725,29
5726,10
5727,64
5728,12
5729,18
5730,12
5731,8
5732,40
5733,41
5734,4
5735,21
5736,17
5737,102
5738,10
5739,15
5740,9
5741,9
5742,6
5743,88
5744,14
5745,16
5746,106
5747,10
5748,81
5749,23
5750,18
5751,31
5752,16
5753,70
5754,101
5755,7
5756,23
5757,29
5758,107
5759,6
5760,44
5761,57
5762,117
5763,11
5764,45
5765,18
5766,69
5767,14
5768,30
5769,27
5770,53
5771,4
5772,6
5773,11
5774,39
5775,36
5776,25
5777,13
5778,78
5779,51
5780,5
5781,22
5782,7
5783,5
5784,26
5785,66
5786,88
5787,132
5788,9
5789,18
5790,20
5791,53
5792,6
5793,58
5794,150
5795,4
5796,24
5797,23
5798,7
5799,4
5800,34
5801,8
5802,13
5803,4
5804,30
5805,44
5806,11
5807,13
5808,49
5809,4
5810,61
5811,139
5812,17
5813,5
5814,15
5815,6
5816,5
5817,6
5818,6
5819,9
5820,12
5821,15
5822,21
5823,105
5824,23
5825,47
5826,21
5827,4
5828,14
5829,10
5830,150
5831,15
5832,17
5833,6
5834,6
5835,10
5836,103
5837,44
5838,6
5839,47
5840,66
5841,10
5842,44
5843,17
5844,45
5845,12
5846,71
5847,81
5848,9
5849,11
5850,32
5851,66
5852,30
5853,82
5854,10
5855,12
5856,40
5857,40
5858,7
5859,15
5860,37
5861,40
5862,4
5863,7
5864,20
5865,6
5866,6
5867,13
5868,15
5869,7
5870,20
5871,52
5872,6
5873,59
5874,27
5875,4
5876,4
5877,110
5878,11
5879,124
5880,56
5881,8
5882,5
5883,15
5884,24
5885,98
5886,16
5887,111
5888,26
5889,65
5890,15
5891,22
5892,29
5893,23
5894,11
5895,41
5896,10
5897,5
5898,4
5899,25
5900,6
5901,17
5902,15
5903,4
5904,30
5905,24
5906,9
5907,41
5908,5
5909,26
5910,34
5911,25
5912,15
5913,7
5914,57
5915,120
5916,46
5917,4
5918,6
5919,28
5920,9
5921,46
5922,7
5923,30
5924,39
5925,12
5926,43
5927,9
5928,21
5929,18
5930,15
5931,4
5932,8
5933,6
5934,7
5935,7
5936,20
5937,38
5938,22
5939,9
5940,6
5941,34
5942,13
5943,6
5944,6
5945,18
5946,28
5947,79
5948,36
5949,87
5950,10
5951,25
5952,18
5953,150
5954,75
5955,58
5956,47
5957,22
5958,14
5959,38
5960,61
5961,5
5962,37
5963,104
5964,7
5965,13
5966,4
5967,6
5968,18
5969,9
5970,32
5971,87
5972,7
5973,46
5974,10
5975,25
5976,10
5977,79
5978,6
5979,42
5980,56
5981,25
5982,5
5983,6
5984,19
5985,24
5986,11
5987,15
5988,15
5989,57
5990,17
5991,13
5992,6
5993,15
5994,37
5995,109
5996,11
5997,31
5998,5
5999,100
6000,46
6001,67
6002,50
6003,11
6004,17
6005,24
6006,65
6007,7
6008,12
6009,63
6010,39
6011,4
6012,24
6013,21
6014,11
6015,140
6016,6
6017,31
6018,17
6019,8
6020,26
6021,9
6022,29
6023,19
6024,54
6025,16
6026,7
6027,9
6028,6
6029,23
6030,10
6031,20
6032,12
6033,4
6034,56
6035,138
6036,40
6037,4
6038,24
6039,68
6040,301
6041,253
6042,264
6043,301
6044,301
6045,301
6046,271
6047,301
6048,277
6049,301
6050,301
6051,188
6052,227
6053,301
6054,289
6055,301
6056,239
6057,259
6058,269
6059,301
6060,301
6061,238
6062,301
6063,301
6064,219
6065,227
6066,301
6067,301
6068,165
6069,266
6070,265
6071,237
6072,244
6073,301
6074,249
6075,229
6076,178
6077,258
6078,301
6079,301
6080,301
6081,301
6082,266
6083,301
6084,301
6085,301
6086,257
6087,293
6088,301
6089,218
6090,301
6091,301
6092,286
6093,255
6094,226
6095,221
6096,239
6097,301
6098,301
6099,301
6100,301
6101,231
6102,301
6103,241
6104,301
6105,240
6106,218
6107,301
6108,301
6109,279
6110,194
6111,222
6112,269
6113,250
6114,287
6115,295
6116,235
6117,256
6118,301
6119,274
6120,191
6121,216
6122,268
6123,281
6124,301
6125,301
6126,301
6127,268
6128,268
6129,301
6130,301
6131,263
6132,301
6133,281
6134,278
6135,249
6136,301
6137,301
6138,278
6139,251
6140,183
6141,252
6142,167
6143,202
6144,301
6145,301
6146,241
6147,265
6148,217
6149,278
6150,298
6151,269
6152,287
6153,301
6154,165
6155,257
6156,301
6157,301
6158,229
6159,301
6160,299
6161,243
6162,281
6163,301
6164,301
6165,296
6166,301
6167,301
6168,301
6169,271
6170,264
6171,257
6172,301
6173,301
6174,301
6175,250
6176,287
6177,282
6178,282
6179,301
6180,241
6181,293
6182,232
6183,264
6184,255
6185,301
6186,283
6187,301
6188,301
6189,259
6190,301
6191,301
6192,219
6193,301
6194,179
6195,301
6196,301
6197,243
6198,221
6199,253
6200,301
6201,160
6202,236
6203,281
6204,301
6205,183
6206,299
6207,301
6208,301
6209,169
6210,272
6211,301
6212,222
6213,256
6214,301
6215,301
6216,301
6217,301
6218,251
6219,269
6220,242
6221,197
6222,270
6223,301
6224,301
6225,196
6226,301
6227,262
6228,281
6229,301
6230,169
6231,241
6232,255
6233,253
6234,300
6235,301
6236,257
6237,224
6238,297
6239,301
6240,292
6241,248
6242,301
6243,301
6244,273
6245,301
6246,301
6247,301
6248,253
6249,301
6250,301
6251,301
6252,276
6253,301
6254,301
6255,283
6256,290
6257,301
6258,301
6259,258
6260,224
6261,301
6262,271
6263,176
6264,171
6265,194
6266,272
6267,153
6268,194
6269,258
6270,162
6271,294
6272,183
6273,161
6274,169
6275,173
6276,294
6277,301
6278,261
6279,199
6280,280
6281,171
6282,301
6283,301
6284,301
6285,179
6286,301
6287,194
6288,179
6289,180
6290,185
6291,300
6292,228
6293,180
6294,172
6295,295
6296,289
6297,169
6298,264
6299,301
6300,237
6301,192
6302,172
6303,301
6304,301
6305,214
6306,229
6307,235
6308,252
6309,214
6310,163
6311,178
6312,291
6313,301
6314,267
6315,298
6316,249
6317,301
6318,240
6319,203
6320,301
6321,211
6322,168
6323,301
6324,251
6325,189
6326,168
6327,286
6328,262
6329,170
6330,301
6331,273
6332,276
6333,235
6334,272
6335,161
6336,253
6337,169
6338,192
6339,168
6340,210
6341,194
6342,153
6343,204
6344,219
6345,301
6346,227
6347,190
6348,244
6349,188
6350,163
6351,263
6352,263
6353,188
6354,181
6355,301
6356,301
6357,301
6358,155
6359,287
6360,161
6361,301
6362,301
6363,253
6364,273
6365,267
6366,301
6367,257
6368,269
6369,166
6370,193
6371,300
6372,276
6373,168
6374,215
6375,301
6376,301
6377,247
6378,301
6379,186
6380,242
6381,164
6382,243
6383,301
6384,167
6385,217
6386,191
6387,181
6388,247
6389,280
6390,301
6391,212
6392,301
6393,210
6394,237
6395,241
6396,210
6397,261
6398,227
6399,263
6400,183
6401,242
6402,158
6403,269
6404,231
6405,246
6406,258
6407,157
6408,202
6409,267
6410,157
6411,291
6412,286
6413,190
6414,289
6415,274
6416,301
6417,216
6418,177
6419,234
6420,187
6421,301
6422,301
6423,293
6424,181
6425,301
6426,301
6427,259
6428,215
6429,211
6430,301
6431,204
6432,299
6433,195
6434,224
6435,172
6436,301
6437,205
6438,183
6439,254
6440,283
6441,223
6442,175
6443,175
6444,212
6445,248
6446,301
6447,193
6448,183
6449,255
6450,157
6451,257
6452,251
6453,197
6454,277
6455,236
6456,271
6457,284
6458,247
6459,269
6460,301
6461,174
6462,184
6463,251
6464,301
6465,263
6466,282
6467,171
6468,301
6469,206
6470,205
6471,289
6472,301
6473,298
6474,301
6475,294
6476,166
6477,301
6478,301
6479,257
6480,197
6481,195
6482,168
6483,186
6484,272
6485,230
6486,250
6487,221
6488,256
6489,159
6490,185
6491,168
6492,217
6493,251
6494,295
6495,187
6496,183
6497,221
6498,208
6499,220
6500,242
6501,277
6502,227
6503,246
6504,246
6505,283
6506,207
6507,241
6508,213
6509,223
6510,297
6511,215
6512,222
6513,172
6514,263
6515,214
6516,172
6517,183
6518,195
6519,246
6520,247
6521,228
6522,274
6523,224
6524,256
6525,158
6526,301
6527,231
6528,249
6529,278
6530,181
6531,270
6532,171
6533,233
6534,162
6535,266
6536,186
6537,216
6538,203
6539,301
6540,259
6541,270
6542,244
6543,188
6544,299
6545,301
6546,265
6547,221
6548,256
6549,301
6550,245
6551,219
6552,301
6553,194
6554,301
6555,301
6556,260
6557,287
6558,219
6559,283
6560,271
6561,291
6562,261
6563,269
6564,301
6565,273
6566,217
6567,279
6568,301
6569,301
6570,251
6571,301
6572,232
6573,301
6574,301
6575,289
6576,179
6577,301
6578,301
6579,245
6580,188
6581,301
6582,276
6583,158
6584,211
6585,238
6586,301
6587,301
6588,191
6589,159
6590,203
6591,234
6592,240
6593,253
6594,161
6595,293
6596,272
6597,234
6598,301
6599,301
6600,241
6601,237
6602,260
6603,245
6604,267
6605,300
6606,268
6607,301
6608,254
6609,201
6610,191
6611,223
6612,185
6613,271
6614,175
6615,278
6616,242
6617,255
6618,198
6619,195
6620,250
6621,236
6622,212
6623,229
6624,268
6625,268
6626,301
6627,301
6628,250
6629,165
6630,267
6631,272
6632,211
6633,260
6634,257
6635,181
6636,267
6637,294
6638,172
6639,242
6640,301
6641,223
6642,204
6643,301
6644,210
6645,301
6646,265
6647,178
6648,287
6649,295
6650,231
6651,301
6652,260
6653,208
6654,287
6655,257
6656,194
6657,266
6658,241
6659,300
6660,219
6661,193
6662,270
6663,260
6664,200
6665,284
6666,188
6667,210
6668,206
6669,301
6670,274
6671,260
6672,252
6673,301
6674,185
6675,294
6676,209
6677,190
6678,233
6679,268
6680,198
6681,280
6682,301
6683,301
6684,293
6685,224
6686,301
6687,301
6688,236
6689,188
6690,211
6691,276
6692,206
6693,197
6694,182
6695,258
6696,273
6697,277
6698,167
6699,188
6700,185
6701,301
6702,301
6703,251
6704,301
6705,231
6706,273
6707,229
6708,228
6709,301
6710,195
6711,209
6712,195
6713,256
6714,202
6715,268
6716,301
6717,189
6718,281
6719,188
6720,214
6721,247
6722,253
6723,254
6724,185
6725,204
6726,253
6727,233
6728,252
6729,202
6730,284
6731,167
6732,252
6733,273
6734,227
6735,263
6736,252
6737,219
6738,228
6739,225
6740,222
6741,255
6742,289
6743,245
6744,255
6745,155
6746,204
6747,175
6748,192
6749,205
6750,208
6751,301
6752,161
6753,301
6754,301
6755,278
6756,262
6757,272
6758,284
6759,301
6760,275
6761,205
6762,209
6763,259
6764,235
6765,164
6766,276
6767,232
6768,278
6769,299
6770,260
6771,267
6772,288
6773,301
6774,234
6775,233
6776,205
6777,301
6778,301
6779,227
6780,295
6781,301
6782,218
6783,301
6784,192
6785,269
6786,237
6787,186
6788,301
6789,168
6790,156
6791,211
6792,159
6793,256
6794,279
6795,301
6796,293
6797,176
6798,301
6799,224
6800,252
6801,195
6802,281
6803,216
6804,195
6805,277
6806,301
6807,298
6808,191
6809,283
6810,301
6811,258
6812,225
6813,193
6814,191
6815,301
6816,266
6817,213
6818,176
6819,180
6820,192
6821,182
6822,162
6823,254
6824,155
6825,158
6826,190
6827,222
6828,301
6829,183
6830,301
6831,203
6832,301
6833,267
6834,266
6835,272
6836,203
6837,301
6838,275
6839,281
6840,254
6841,169
6842,165
6843,252
6844,163
6845,174
6846,208
6847,193
6848,295
6849,157
6850,235
6851,194
6852,212
6853,160
6854,295
6855,265
6856,161
6857,159
6858,177
6859,206
6860,175
6861,189
6862,189
6863,197
6864,209
6865,262
6866,191
6867,188
6868,268
6869,277
6870,160
6871,300
6872,211
6873,164
6874,213
6875,208
6876,263
6877,262
6878,161
6879,270
6880,285
6881,185
6882,255
6883,289
6884,203
6885,215
6886,169
6887,262
6888,226
6889,257
6890,227
6891,204
6892,222
6893,254
6894,179
6895,168
6896,263
6897,258
6898,246
6899,165
6900,280
6901,271
6902,271
6903,188
6904,290
6905,279
6906,280
6907,171
6908,251
6909,256
6910,233
6911,269
6912,243
6913,264
6914,211
6915,201
6916,265
6917,246
6918,257
6919,234
6920,266
6921,263
6922,195
6923,207
6924,221
6925,264
6926,173
6927,257
6928,210
6929,204
6930,267
6931,301
6932,211
6933,207
6934,231
6935,301
6936,301
6937,234
6938,248
6939,187
6940,284
6941,202
6942,173
6943,263
6944,223
6945,289
6946,183
6947,211
6948,262
6949,292
6950,246
6951,283
6952,174
6953,194
6954,203
6955,207
6956,256
6957,248
6958,236
6959,278
6960,174
6961,263
6962,275
6963,258
6964,185
6965,276
6966,215
6967,183
6968,179
6969,291
6970,193
6971,235
6972,253
6973,196
6974,217
6975,225
6976,260
6977,240
6978,175
6979,268
6980,169
6981,285
6982,174
6983,192
6984,173
6985,289
6986,194
6987,178
6988,197
6989,266
6990,241
6991,179
6992,179
6993,164
6994,255
6995,226
6996,179
6997,205
6998,246
6999,161
7000,255
7001,178
7002,169
7003,161
7004,263
7005,162
7006,205
7007,195
7008,245
7009,173
7010,261
7011,188
7012,167
7013,200
7014,217
7015,266
7016,165
7017,166
7018,168
7019,245
7020,207
7021,153
7022,293
7023,236
7024,211
7025,209
7026,201
7027,161
7028,227
7029,207
7030,275
7031,169
7032,187
7033,255
7034,301
7035,173
7036,186
7037,187
7038,228
7039,246
7040,262
7041,275
7042,177
7043,264
7044,247
7045,301
7046,164
7047,243
7048,225
7049,206
7050,207
7051,263
7052,158
7053,186
7054,288
7055,220
7056,238
7057,206
7058,301
7059,236
7060,194
7061,187
7062,231
7063,257
7064,216
7065,202
7066,187
7067,224
7068,188
7069,211
7070,227
7071,160
7072,168
7073,220
7074,231
7075,191
7076,223
7077,222
7078,270
7079,223
7080,178
7081,275
7082,282
7083,161
7084,208
7085,203
7086,257
7087,198
7088,169
7089,241
7090,222
7091,219
7092,168
7093,222
7094,223
7095,178
7096,179
7097,191
7098,290
7099,208
7100,185
7101,292
7102,202
7103,250
7104,251
7105,171
7106,239
7107,227
7108,221
7109,248
7110,264
7111,243
7112,231
7113,211
7114,172
7115,301
7116,208
7117,160
7118,213
7119,211
7120,226
7121,246
7122,208
7123,214
7124,261
7125,230
7126,192
7127,228
7128,258
7129,188
7130,187
7131,219
7132,263
7133,206
7134,221
7135,237
7136,213
7137,198
7138,278
7139,195
7140,159
7141,274
7142,251
7143,246
7144,160
7145,266
7146,301
7147,210
7148,189
7149,301
7150,195
7151,255
7152,228
7153,235
7154,222
7155,301
7156,183
7157,158
7158,289
7159,218
7160,280
7161,198
7162,158
7163,161
7164,190
7165,197
7166,232
7167,164
7168,194
7169,159
7170,232
7171,272
7172,180
7173,262
7174,181
7175,277
7176,183
7177,221
7178,203
7179,210
7180,178
7181,214
7182,198
7183,172
7184,184
7185,287
7186,176
7187,163
7188,163
7189,280
7190,288
7191,212
7192,179
7193,225
7194,265
7195,242
7196,216
7197,257
7198,301
7199,183
7200,166
7201,158
7202,258
7203,245
7204,179
7205,234
7206,220
7207,155
7208,219
7209,186
7210,163
7211,210
7212,228
7213,223
7214,201
7215,197
7216,252
7217,246
7218,171
7219,241
7220,188
7221,281
7222,212
7223,173
7224,257
7225,270
7226,184
7227,186
7228,193
7229,194
7230,257
7231,192
7232,215
7233,166
7234,279
7235,284
7236,198
7237,154
7238,252
7239,177
7240,299
7241,155
7242,243
7243,188
7244,186
7245,167
7246,184
7247,191
7248,218
7249,262
7250,289
7251,239
7252,221
7253,237
7254,182
7255,167
7256,256
7257,198
7258,228
7259,179
7260,197
7261,209
7262,199
7263,181
7264,184
7265,218
7266,258
7267,186
7268,301
7269,206
7270,257
7271,252
7272,274
7273,190
7274,222
7275,204
7276,228
7277,256
7278,156
7279,193
7280,277
7281,292
7282,252
7283,211
7284,228
7285,184
7286,171
7287,188
7288,228
7289,177
7290,226
7291,277
7292,172
7293,291
7294,224
7295,154
7296,301
7297,176
7298,259
7299,256
7300,212
7301,189
7302,231
7303,216
7304,254
7305,209
7306,191
7307,225
7308,184
7309,204
7310,276
7311,240
7312,251
7313,224
7314,231
7315,226
7316,255
7317,164
7318,230
7319,174
7320,259
7321,199
7322,167
7323,247
7324,199
7325,271
7326,199
7327,177
7328,156
7329,214
7330,218
7331,178
7332,243
7333,164
7334,153
7335,223
7336,180
7337,279
7338,301
7339,210
7340,234
7341,272
7342,195
7343,225
7344,252
7345,178
7346,198
7347,172
7348,286
7349,236
7350,284
7351,205
7352,221
7353,275
7354,197
7355,188
7356,223
7357,193
7358,190
7359,193
7360,165
7361,198
7362,194
7363,176
7364,198
7365,163
7366,227
7367,204
7368,234
7369,168
7370,184
7371,260
7372,203
7373,246
7374,210
7375,197
7376,246
7377,180
7378,216
7379,202
7380,221
7381,257
7382,181
7383,179
7384,281
7385,224
7386,255
7387,228
7388,284
7389,175
7390,179
7391,214
7392,242
7393,179
7394,183
7395,224
7396,156
7397,200
7398,168
7399,228
7400,196
7401,159
7402,152
7403,211
7404,204
7405,262
7406,201
7407,200
7408,252
7409,166
7410,174
7411,230
7412,177
7413,178
7414,183
7415,156
7416,216
7417,157
7418,175
7419,190
7420,194
7421,235
7422,229
7423,220
7424,204
7425,205
7426,199
7427,240
7428,173
7429,176
7430,181
7431,180
7432,171
7433,249
7434,221
7435,179
7436,224
7437,168
7438,196
7439,183
7440,193
7441,208
7442,163
7443,209
7444,166
7445,255
7446,223
7447,209
7448,196
7449,164
7450,160
7451,197
7452,167
7453,161
7454,175
7455,191
7456,204
7457,220
7458,222
7459,233
7460,166
7461,184
7462,179
7463,260
7464,159
7465,200
7466,208
7467,164
7468,175
7469,186
7470,158
7471,267
7472,163
7473,246
7474,187
7475,189
7476,183
7477,178
7478,193
7479,238
7480,189
7481,160
7482,194
7483,177
7484,161
7485,181
7486,172
7487,204
7488,225
7489,245
7490,247
7491,240
7492,188
7493,241
7494,233
7495,164
7496,263
7497,210
7498,187
7499,237
7500,185
7501,188
7502,205
7503,173
7504,158
7505,228
7506,301
7507,236
7508,204
7509,168
7510,187
7511,199
7512,221
7513,170
7514,211
7515,271
7516,226
7517,189
7518,177
7519,179
7520,154
7521,201
7522,234
7523,176
7524,170
7525,211
7526,161
7527,174
7528,245
7529,155
7530,154
7531,190
7532,246
7533,153
7534,192
7535,178
7536,194
7537,212
7538,163
7539,239
7540,222
7541,211
7542,185
7543,239
7544,153
7545,190
7546,183
7547,199
7548,167
7549,222
7550,158
7551,180
7552,183
7553,169
7554,155
7555,189
7556,215
7557,270
7558,186
7559,156
7560,205
7561,175
7562,186
7563,241
7564,200
7565,163
7566,243
7567,155
7568,299
7569,269
7570,157
7571,225
7572,184
7573,182
7574,184
7575,274
7576,200
7577,234
7578,185
7579,265
7580,198
7581,157
7582,216
7583,204
7584,172
7585,274
7586,195
7587,176
7588,156
7589,192
7590,157
7591,193
7592,170
7593,206
7594,154
7595,186
7596,167
7597,210
7598,250
7599,191
7600,180
7601,192
7602,191
7603,214
7604,194
7605,180
7606,240
7607,157
7608,208
7609,174
7610,212
7611,171
7612,166
7613,184
7614,201
7615,207
7616,197
7617,225
7618,216
7619,212
7620,187
7621,156
7622,226
7623,215
7624,217
7625,232
7626,276
7627,165
7628,178
7629,163
7630,216
7631,167
7632,224
7633,185
7634,194
7635,212
7636,224
7637,158
7638,199
7639,180
7640,196
7641,190
7642,181
7643,180
7644,233
7645,196
7646,160
7647,189
7648,200
7649,168
7650,212
7651,162
7652,202
7653,241
7654,179
7655,178
7656,156
7657,245
7658,180
7659,206
7660,166
7661,170
7662,155
7663,203
7664,194
7665,190
7666,168
7667,158
7668,211
7669,256
7670,186
7671,206
7672,153
7673,229
7674,210
7675,201
7676,173
7677,177
7678,179
7679,201
7680,160
7681,225
7682,180
7683,188
7684,237
7685,169
7686,174
7687,170
7688,180
7689,219
7690,192
7691,262
7692,200
7693,171
7694,198
7695,242
7696,154
7697,204
7698,205
7699,183
7700,182
7701,163
7702,240
7703,201
7704,220
7705,228
7706,210
7707,164
7708,212
7709,177
7710,230
7711,165
7712,204
7713,206
7714,265
7715,229
7716,164
7717,182
7718,179
7719,184
7720,188
7721,175
7722,197
7723,170
7724,161
7725,245
7726,184
7727,230
7728,168
7729,188
7730,200
7731,253
7732,176
7733,190
7734,172
7735,179
7736,180
7737,178
7738,171
7739,171
7740,179
7741,170
7742,162
7743,204
7744,172
7745,157
7746,186
7747,174
7748,184
7749,178
7750,200
7751,221
7752,291
7753,159
7754,202
7755,238
7756,211
7757,215
7758,172
7759,170
7760,175
7761,186
7762,207
7763,250
7764,210
7765,159
7766,249
7767,180
7768,193
7769,157
7770,267
7771,184
7772,190
7773,172
7774,176
7775,176
7776,187
7777,202
7778,206
7779,174
7780,163
7781,161
7782,181
7783,190
7784,224
7785,193
7786,160
7787,178
7788,190
7789,176
7790,174
7791,178
7792,157
7793,207
7794,155
7795,225
7796,176
7797,184
7798,152
7799,157
7800,166
7801,219
7802,166
7803,156
7804,234
7805,168
7806,174
7807,178
7808,182
7809,175
7810,180
7811,167
7812,204
7813,165
7814,155
7815,182
7816,156
7817,163
7818,159
7819,157
7820,154
7821,165
7822,169
7823,193
7824,157
7825,156
7826,170
7827,155
7828,155
7829,194
7830,176
7831,164
7832,160
7833,159
7834,196
7835,183
7836,170
7837,225
7838,155
7839,161
7840,155
7841,218
7842,153
7843,168
7844,158
7845,151
7846,156
7847,152
7848,205
7849,151
7850,204
7851,199
7852,191
7853,194
7854,185
7855,173
7856,173
7857,201
7858,169
7859,170
7860,160
7861,159
7862,172
7863,171
7864,203
7865,164
7866,195
7867,177
7868,171
7869,198
7870,168
7871,227
7872,213
7873,159
7874,180
7875,194
7876,213
7877,222
7878,185
7879,202
7880,192
7881,196
7882,184
7883,215
7884,196
7885,184
7886,220
7887,223
7888,205
7889,154
7890,180
7891,228
7892,199
7893,178
7894,184
7895,216
7896,243
7897,175
7898,182
7899,195
7900,193
7901,176
7902,230
7903,164
7904,220
7905,200
7906,187
7907,159
7908,221
7909,164
7910,191
7911,208
7912,172
7913,165
7914,163
7915,187
7916,174
7917,167
7918,196
7919,199
7920,169
7921,157
7922,178
7923,176
7924,164
7925,163
7926,174
7927,234
7928,167
7929,171
7930,168
7931,180
7932,157
7933,157
7934,199
7935,169
7936,163
7937,177
7938,171
7939,203
7940,159
7941,169
7942,206
7943,197
7944,186
7945,172
7946,197
7947,162
7948,171
7949,180
7950,152
7951,185
7952,167
7953,221
7954,162
7955,198
7956,182
7957,184
7958,176
7959,201
7960,179
7961,209
7962,205
7963,155
7964,164
7965,205
7966,176
7967,196
7968,189
7969,187
7970,178
7971,192
7972,170
7973,195
7974,171
7975,235
7976,172
7977,155
7978,153
7979,214
7980,184
7981,186
7982,199
7983,160
7984,167
7985,178
7986,161
7987,155
7988,151
7989,161
7990,192
7991,163
7992,156
7993,171
7994,189
7995,204
7996,171
7997,194
7998,182
7999,161
8000,161
8001,183
8002,208
8003,220
8004,174
8005,157
8006,186
8007,226
8008,184
8009,197
8010,179
8011,176
8012,179
8013,184
8014,165
8015,177
8016,163
8017,183
8018,191
8019,196
8020,160
8021,170
8022,204
8023,167
8024,205
8025,169
8026,180
8027,199
8028,179
8029,194
8030,154
8031,200
8032,186
8033,184
8034,168
8035,175
8036,190
8037,153
8038,220
8039,202
8040,190
8041,158
8042,169
8043,241
8044,182
8045,165
8046,175
8047,156
8048,177
8049,158
8050,163
8051,268
8052,169
8053,183
8054,178
8055,180
8056,175
8057,178
8058,213
8059,188
8060,190
8061,158
8062,162
8063,161
8064,156
8065,188
8066,171
8067,152
8068,197
8069,155
8070,222
8071,184
8072,166
8073,201
8074,162
8075,171
8076,230
8077,161
8078,179
8079,211
8080,172
8081,239
8082,195
8083,193
8084,161
8085,159
8086,223
8087,197
8088,158
8089,186
8090,164
8091,191
8092,165
8093,161
8094,163
8095,198
8096,197
8097,204
8098,208
8099,183
8100,164
8101,176
8102,166
8103,169
8104,184
8105,182
8106,211
8107,183
8108,163
8109,179
8110,152
8111,176
8112,179
8113,153
8114,164
8115,163
8116,171
8117,173
8118,172
8119,167
8120,182
8121,153
8122,180
8123,169
8124,159
8125,156
8126,172
8127,159
8128,170
8129,175
8130,155
8131,250
8132,154
8133,193
8134,202
8135,172
8136,169
8137,169
8138,195
8139,201
8140,161
8141,182
8142,191
8143,160
8144,166
8145,175
8146,158
8147,160
8148,169
8149,214
8150,161
8151,157
8152,156
8153,160
8154,163
8155,190
8156,195
8157,180
8158,166
8159,161
8160,172
8161,172
8162,185
8163,161
8164,173
8165,168
8166,181
8167,212
8168,169
8169,152
8170,189
8171,180
8172,165
8173,210
8174,173
8175,205
8176,181
8177,163
8178,178
8179,229
8180,156
8181,207
8182,154
8183,171
8184,220
8185,174
8186,179
8187,167
8188,198
8189,194
8190,165
8191,162
8192,157
8193,229
8194,163
8195,190
8196,173
8197,157
8198,219
8199,184
8200,158
8201,180
8202,157
8203,164
8204,172
8205,175
8206,156
8207,188
8208,161
8209,164
8210,195
8211,160
8212,185
8213,171
8214,183
8215,194
8216,171
8217,167
8218,159
8219,159
8220,194
8221,162
8222,175
8223,183
8224,178
8225,169
8226,158
8227,179
8228,158
8229,159
8230,159
8231,163
8232,156
8233,173
8234,156
8235,154
8236,157
8237,173
8238,169
8239,182
8240,198
8241,166
8242,174
8243,178
8244,180
8245,170
8246,166
8247,151
8248,179
8249,163
8250,171
8251,160
8252,188
8253,162
8254,198
8255,185
8256,194
8257,153
8258,161
8259,164
8260,184
8261,151
8262,192
8263,176
8264,155
8265,169
8266,155
8267,214
8268,158
8269,155
8270,180
8271,197
8272,212
8273,192
8274,177
8275,214
8276,170
8277,221
8278,172
8279,189
8280,186
8281,191
8282,165
8283,167
8284,153
8285,164
8286,156
8287,155
8288,151
8289,170
8290,206
8291,181
8292,158
8293,162
8294,170
8295,187
8296,155
8297,161
8298,163
8299,196
8300,152
8301,164
8302,183
8303,159
8304,202
8305,173
8306,165
8307,190
8308,164
8309,221
8310,175
8311,169
8312,169
8313,177
8314,168
8315,175
8316,164
8317,163
8318,159
8319,189
8320,168
8321,168
8322,159
8323,164
8324,159
8325,174
8326,190
8327,155
8328,171
8329,177
8330,160
8331,164
8332,211
8333,191
8334,177
8335,162
8336,154
8337,153
8338,168
8339,198
8340,197
8341,160
8342,168
8343,161
8344,159
8345,177
8346,170
8347,157
8348,167
8349,167
8350,169
8351,154
8352,158
8353,171
8354,171
8355,157
8356,172
8357,174
8358,173
8359,170
8360,238
8361,171
8362,176
8363,184
8364,171
8365,157
8366,156
8367,193
8368,192
8369,176
8370,161
8371,169
8372,189
8373,187
8374,174
8375,168
8376,160
8377,174
8378,169
8379,156
8380,157
8381,175
8382,166
8383,220
8384,176
8385,159
8386,155
8387,170
8388,154
8389,177
8390,195
8391,157
8392,187
8393,200
8394,157
8395,162
8396,156
8397,158
8398,155
8399,156
8400,164
8401,171
8402,164
8403,162
8404,161
8405,173
8406,181
8407,157
8408,169
8409,157
8410,171
8411,161
8412,196
8413,165
8414,157
8415,154
8416,179
8417,183
8418,189
8419,199
8420,164
8421,158
8422,169
8423,161
8424,162
8425,177
8426,185
8427,170
8428,173
8429,176
8430,157
8431,169
8432,183
8433,173
8434,157
8435,161
8436,160
8437,166
8438,181
8439,156
8440,186
8441,156
8442,185
8443,165
8444,152
8445,160
8446,166
8447,151
8448,152
8449,193
8450,160
8451,165
8452,164
8453,151
8454,159
8455,162
8456,209
8457,201
8458,185
8459,154
8460,188
8461,170
8462,158
8463,154
8464,163
8465,196
8466,168
8467,183
8468,152
8469,170
8470,166
8471,190
8472,168
8473,171
8474,162
8475,176
8476,189
8477,159
8478,191
8479,158
8480,169
8481,155
8482,156
8483,161
8484,180
8485,164
8486,163
8487,159
8488,177
8489,160
8490,166
8491,168
8492,165
8493,155
8494,163
8495,158
8496,157
8497,152
8498,157
8499,166
8500,160
8501,160
8502,169
8503,155
8504,158
8505,159
8506,177
8507,177
8508,172
8509,155
8510,186
8511,154
8512,158
8513,160
8514,204
8515,171
8516,152
8517,166
8518,164
8519,161
8520,157
8521,187
8522,163
8523,217
8524,157
8525,152
8526,167
8527,160
8528,162
8529,200
8530,164
8531,211
8532,175
8533,159
8534,182
8535,163
8536,153
8537,167
8538,164
8539,159
8540,160
8541,186
8542,178
8543,187
8544,167
8545,153
8546,171
8547,152
8548,165
8549,158
8550,182
8551,162
8552,169
8553,167
8554,182
8555,153
8556,174
8557,175
8558,167
8559,170
8560,158
8561,172
8562,163
8563,173
8564,190
8565,190
8566,165
8567,152
8568,160
8569,171
8570,169
8571,168
8572,186
8573,153
8574,158
8575,193
8576,157
8577,173
8578,159
8579,156
8580,198
8581,182
8582,170
8583,160
8584,158
8585,168
8586,165
8587,160
8588,158
8589,156
8590,176
8591,179
8592,193
8593,170
8594,165
8595,195
8596,204
8597,154
8598,158
8599,165
8600,161
8601,167
8602,151
8603,168
8604,155
8605,185
8606,169
8607,164
8608,159
8609,191
8610,184
8611,157
8612,163
8613,160
8614,154
8615,163
8616,163
8617,198
8618,157
8619,154
8620,165
8621,159
8622,161
8623,157
8624,164
8625,162
8626,154
8627,161
8628,153
8629,153
8630,162
8631,161
8632,158
8633,159
8634,157
8635,156
8636,160
8637,160
8638,153
8639,186
8640,163
8641,155
8642,164
8643,153
8644,169
8645,154
8646,160
8647,155
8648,162
8649,155
8650,169
8651,180
8652,166
8653,165
8654,165
8655,161
8656,163
8657,164
8658,174
8659,160
8660,160
8661,166
8662,159
8663,173
8664,172
8665,176
8666,162
8667,182
8668,169
8669,156
8670,174
8671,159
8672,157
8673,201
8674,172
8675,163
8676,164
8677,176
8678,159
8679,167
8680,160
8681,174
8682,160
8683,166
8684,172
8685,157
8686,164
8687,160
8688,188
8689,163
8690,161
8691,173
8692,162
8693,157
8694,177
8695,171
8696,152
8697,164
8698,159
8699,177
8700,161
8701,157
8702,163
8703,156
8704,152
8705,162
8706,158
8707,156
8708,155
8709,157
8710,187
8711,212
8712,157
8713,173
8714,183
8715,157
8716,160
8717,157
8718,155
8719,198
8720,156
8721,155
8722,156
8723,171
8724,152
8725,155
8726,164
8727,163
8728,177
8729,158
8730,158
8731,155
8732,158
8733,159
8734,161
8735,156
8736,163
8737,165
8738,154
8739,162
8740,152
8741,164
8742,173
8743,165
8744,160
8745,186
8746,162
8747,154
8748,160
8749,156
8750,158
8751,161
8752,168
8753,159
8754,170
8755,156
8756,164
8757,160
8758,156
8759,166
8760,153
8761,157
8762,159
8763,153
8764,156
8765,159
8766,156
8767,195
8768,158
8769,160
8770,161
8771,170
8772,161
8773,162
8774,166
8775,160
8776,160
8777,158
8778,165
8779,170
8780,168
8781,160
8782,157
8783,179
8784,159
8785,179
8786,157
8787,158
8788,155
8789,153
8790,161
8791,157
8792,161
8793,163
8794,171
8795,165
8796,158
8797,163
8798,155
8799,164
8800,159
8801,153
8802,159
8803,156
8804,157
8805,159
8806,152
8807,157
8808,162
8809,170
8810,170
8811,167
8812,154
8813,159
8814,165
8815,160
8816,160
8817,151
8818,159
8819,175
8820,167
8821,159
8822,186
8823,167
8824,175
8825,157
8826,151
8827,153
8828,164
8829,162
8830,151
8831,153
8832,153
8833,169
8834,161
8835,156
8836,180
8837,155
8838,151
8839,162
8840,159
8841,152
8842,183
8843,152
8844,152
8845,171
8846,156
8847,156
8848,163
8849,160
8850,155
8851,158
8852,151
8853,152
8854,152
8855,153
8856,167
8857,159
8858,153
8859,155
8860,151
8861,161
8862,155
8863,158
8864,153
8865,166
8866,159
8867,168
8868,165
8869,165
8870,163
8871,156
8872,156
8873,155
8874,156
8875,155
8876,185
8877,165
8878,162
8879,167
8880,160
8881,167
8882,166
8883,169
8884,164
8885,155
8886,160
8887,208
8888,161
8889,165
8890,163
8891,153
8892,159
8893,158
8894,163
8895,180
8896,152
8897,162
8898,160
8899,152
8900,156
8901,161
8902,166
8903,162
8904,153
8905,151
8906,169
8907,155
8908,159
8909,171
8910,176
8911,164
8912,159
8913,165
8914,159
8915,159
8916,154
8917,161
8918,163
8919,153
8920,154
8921,165
8922,164
8923,155
8924,179
8925,167
8926,151
8927,162
8928,164
8929,167
8930,159
8931,192
8932,161
8933,158
8934,159
8935,183
8936,175
8937,155
8938,155
8939,176
8940,155
8941,152
8942,155
8943,151
8944,156
8945,152
8946,159
8947,156
8948,156
8949,164
8950,157
8951,182
8952,153
8953,165
8954,154
8955,152
8956,153
8957,153
8958,159
8959,167
8960,170
8961,152
8962,154
8963,158
8964,156
8965,153
8966,153
8967,163
8968,154
8969,157
8970,156
8971,155
8972,155
8973,157
8974,153
8975,152
8976,153
8977,157
8978,156
8979,164
8980,156
8981,162
8982,159
8983,176
8984,154
8985,159
8986,159
8987,160
8988,164
8989,183
8990,165
8991,159
8992,153
8993,158
8994,165
8995,161
8996,151
8997,160
8998,166
8999,170
9000,157
9001,159
9002,173
9003,156
9004,157
9005,174
9006,155
9007,158
9008,156
9009,153
9010,154
9011,153
9012,154
9013,155
9014,170
9015,156
9016,163
9017,162
9018,159
9019,162
9020,173
9021,159
9022,161
9023,154
9024,158
9025,152
9026,152
9027,151
9028,162
9029,155
9030,157
9031,153
9032,156
9033,158
9034,151
9035,160
9036,153
9037,155
9038,152
9039,153
9040,153
9041,157
9042,154
9043,151
9044,153
9045,154
9046,154
9047,163
9048,157
9049,151
9050,152
9051,162
9052,161
9053,151
9054,155
9055,163
9056,155
9057,155
9058,156
9059,154
9060,165
9061,152
9062,171
9063,158
9064,154
9065,171
9066,152
9067,160
9068,159
9069,163
9070,156
9071,156
9072,159
9073,159
9074,156
9075,153
9076,155
9077,152
9078,156
9079,159
9080,167
9081,162
9082,161
9083,178
9084,155
9085,154
9086,156
9087,155
9088,152
9089,152
9090,151
9091,155
9092,151
9093,152
9094,154
9095,159
9096,158
9097,156
9098,157
9099,153
9100,159
9101,158
9102,158
9103,155
9104,154
9105,153
9106,156
9107,154
9108,160
9109,156
9110,158
9111,161
9112,166
9113,159
9114,162
9115,153
9116,163
9117,159
9118,155
9119,161
9120,153
9121,153
9122,159
9123,156
9124,153
9125,153
9126,153
9127,155
9128,153
9129,152
9130,153
9131,151
9132,156
9133,154
9134,155
9135,154
9136,166
9137,160
9138,153
9139,159
9140,156
9141,157
9142,153
9143,155
9144,152
9145,154
9146,151
9147,161
9148,159
9149,153
9150,155
9151,156
9152,157
9153,160
9154,154
9155,153
9156,158
9157,155
9158,158
9159,155
9160,171
9161,161
9162,155
9163,154
9164,161
9165,159
9166,158
9167,152
9168,159
9169,155
9170,152
9171,161
9172,162
9173,157
9174,153
9175,155
9176,159
9177,156
9178,162
9179,153
9180,155
9181,155
9182,161
9183,158
9184,165
9185,163
9186,161
9187,151
9188,160
9189,152
9190,167
9191,151
9192,152
9193,153
9194,151
9195,153
9196,152
9197,153
9198,156
9199,157
9200,163
9201,158
9202,155
9203,153
9204,153
9205,156
9206,155
9207,153
9208,152
9209,155
9210,156
9211,158
9212,152
9213,155
9214,156
9215,156
9216,151
9217,166
9218,152
9219,152
9220,157
9221,154
9222,157
9223,160
9224,160
9225,152
9226,157
9227,154
9228,157
9229,156
9230,161
9231,164
9232,152
9233,152
9234,154
9235,153
9236,166
9237,153
9238,155
9239,161
9240,152
9241,154
9242,155
9243,153
9244,154
9245,157
9246,154
9247,155
9248,155
9249,151
9250,158
9251,154
9252,155
9253,155
9254,162
9255,159
9256,151
9257,153
9258,154
9259,153
9260,160
9261,155
9262,158
9263,155
9264,155
9265,151
9266,154
9267,151
9268,152
9269,156
9270,151
9271,154
9272,160
9273,154
9274,155
9275,154
9276,151
9277,155
9278,152
9279,152
9280,153
9281,152
9282,152
9283,151
9284,152
9285,153
9286,151
9287,153
9288,154
9289,158
9290,154
9291,159
9292,156
9293,155
9294,152
9295,152
9296,151
9297,152
9298,155
9299,153
9300,158
9301,157
9302,156
9303,152
9304,157
9305,151
9306,153
9307,152
9308,156
9309,152
9310,153
9311,152
9312,153
9313,152
9314,158
9315,152
9316,156
9317,155
9318,157
9319,151
9320,156
9321,155
9322,152
9323,154
9324,154
9325,152
9326,151
9327,157
9328,153
9329,152
9330,153
9331,151
9332,152
9333,152
9334,154
9335,156
9336,153
9337,151
9338,153
9339,154
9340,158
9341,153
9342,157
9343,151
9344,153
9345,153
9346,152
9347,152
9348,151
9349,154
9350,158
9351,156
9352,153
9353,152
9354,151
9355,156
9356,154
9357,156
9358,152
9359,153
9360,152
9361,151
9362,152
9363,152
9364,163
9365,157
9366,158
9367,152
9368,153
9369,152
9370,153
9371,151
9372,155
9373,156
9374,152
9375,153
9376,151
9377,157
9378,155
9379,151
9380,153
9381,154
9382,154
9383,151
9384,156
9385,155
9386,154
9387,151
9388,154
9389,152
9390,152
9391,152
9392,152
9393,151
9394,154
9395,156
9396,151
9397,153
9398,152
9399,154
9400,152
9401,154
9402,153
9403,154
9404,151
9405,154
9406,153
9407,155
9408,152
9409,152
9410,155
9411,151
9412,151
9413,155
9414,154
9415,152
9416,153
9417,152
9418,157
9419,151
9420,152
9421,152
9422,152
9423,152
9424,151
9425,153
9426,154
9427,152
9428,152
9429,156
9430,154
9431,151
9432,154
9433,153
9434,152
9435,154
9436,151
9437,151
9438,151
9439,152
9440,152
9441,156
9442,153
9443,153
9444,152
9445,152
9446,154
9447,151
9448,151
9449,152
9450,153
9451,157
9452,152
9453,151
9454,152
9455,152
9456,154
9457,152
9458,152
9459,152
9460,152
9461,153
9462,153
9463,152
9464,151
9465,151
9466,153
9467,153
9468,152
9469,155
9470,152
9471,151
9472,153
9473,153
9474,152
9475,151
9476,152
9477,152
9478,153
9479,152
9480,152
9481,153
9482,152
9483,153
9484,151
9485,153
9486,151
9487,151
9488,151
9489,151
9490,151
9491,151
9492,152
9493,151
9494,152
9495,153
9496,153
9497,152
9498,151
9499,154
9500,151
9501,153
9502,151
9503,151
9504,151
9505,153
9506,155
9507,151
9508,151
9509,151
9510,151
9511,153
9512,153
9513,151
9514,151
9515,151
9516,151
9517,151
9518,154
9519,151
9520,152
9521,151
9522,151
9523,151
9524,153
9525,151
9526,151
9527,151
9528,151
9529,151
9530,152
9531,151
9532,151
9533,152
9534,151
9535,151
9536,151
9537,151
9538,151
9539,151
9540,151
9541,151
9542,151
9543,151
9544,151
9545,151
9546,151
9547,151
9548,151
9549,151
9550,151
9551,152
9552,151
9553,151
9554,151
9555,151
9556,151
9557,151
9558,151
9559,151
9560,151
9561,151
9562,151
9563,151
9564,151
9565,151
9566,151
9567,151
9568,151
9569,151
9570,152
9571,151
9572,152
9573,151
9574,151
9575,151
9576,151
9577,151
9578,151
9579,151
9580,152
9581,154
9582,151
9583,151
9584,152
9585,151
9586,151
9587,151
9588,151
9589,152
9590,151
9591,151
9592,154
9593,152
9594,152
9595,151
9596,151
9597,152
9598,152
9599,151
9600,152
9601,151
9602,151
9603,151
9604,151
9605,151
9606,152
9607,151
9608,151
9609,151
9610,151
9611,152
9612,151
9613,151
9614,151
9615,154
9616,151
9617,151
9618,153
9619,152
9620,152
9621,152
9622,151
9623,151
9624,151
9625,151
9626,151
9627,151
9628,152
9629,151
9630,151
9631,151
9632,152
9633,152
9634,151
9635,151
9636,151
9637,151
9638,151
9639,151
9640,151
9641,151
9642,151
9643,152
9644,151
9645,152
9646,151
9647,152
9648,151
9649,151
9650,151
9651,152
9652,152
9653,151
9654,151
9655,151
9656,151
9657,151
9658,151
9659,151
9660,151
9661,151
9662,151
9663,151
9664,151
9665,151
9666,151
9667,151
9668,151
9669,151
9670,151
9671,151
9672,151
9673,151
9674,151
9675,151
9676,151
9677,151
9678,151
9679,151
9680,151
9681,151
9682,151
9683,151
9684,151
9685,151
9686,151
9687,151
9688,151
9689,151
9690,151
9691,151
9692,151
9693,151
9694,151
9695,151
9696,151
9697,151
9698,151
9699,151
9700,151
9701,151
9702,151
9703,151
9704,151
9705,151
9706,151
9707,151
9708,151
9709,151
9710,151
9711,151
9712,151
9713,151
9714,151
9715,151
9716,151
9717,151
9718,151
9719,151
9720,151
9721,151
9722,151
9723,151
9724,151
9725,151
9726,151
9727,151
9728,151
9729,151
9730,151
9731,151
9732,151
9733,151
9734,151
9735,151
9736,151
9737,151
9738,151
9739,151
9740,151
9741,151
9742,151
9743,151
9744,151
9745,151
