0 0
1 1
2 2
3 3
4 4
5 5
6 6
7 7
8 8
9 9
10 10
11 11
12 12
13 13
14 14
15 15
16 16
17 17
18 18
19 19
20 20
21 21
22 22
23 23
24 24
25 25
26 26
27 27
28 28
29 29
30 30
31 31
32 32
33 33
34 34
35 35
36 36
37 37
38 38
39 39
40 40
41 41
42 42
43 43
44 44
45 45
46 46
47 47
48 48
49 49
50 50
51 51
52 52
53 53
54 54
55 55
56 56
57 57
58 58
59 59
60 6040
61 6041
62 6042
63 6043
64 6044
65 6045
66 6046
67 6047
68 6048
69 6049
70 6050
71 6051
72 6052
73 6053
74 6054
75 6055
76 6056
77 6057
78 6058
79 6059
80 6060
81 6061
82 6062
83 6063
84 6064
85 6065
86 6066
87 6067
88 6068
89 6069
