59 4 64
58 2 61
57 4 60
58 4 69
58 3 60
58 3 72
58 3 65
57 4 65
57 3 66
56 3 75
56 3 61
56 4 67
57 4 83
57 4 69
57 4 67
57 4 81
57 4 68
57 3 82
57 4 77
57 4 73
55 4 83
57 3 80
57 4 75
57 3 86
57 4 61
55 4 64
55 4 80
57 3 70
54 3 76
54 4 83
53 4 60
53 4 75
52 4 60
51 3 83
50 3 87
52 4 64
52 4 89
49 3 75
48 4 83
48 2 68
48 4 70
48 2 76
48 3 64
48 2 61
47 2 65
47 3 60
47 4 83
52 3 82
52 2 86
47 2 70
47 3 64
47 3 87
47 2 76
46 3 60
46 4 83
46 3 67
52 4 68
52 4 69
52 2 70
52 4 62
52 4 74
52 4 61
52 0 85
52 4 79
52 2 87
44 0 83
44 3 62
44 1 84
44 2 85
44 2 65
44 4 82
44 2 80
44 2 75
44 2 73
44 0 64
47 2 80
43 4 83
43 3 60
43 4 69
43 4 86
43 4 82
43 4 65
43 3 73
43 3 79
43 4 77
42 4 65
47 3 82
47 3 86
41 2 60
41 4 82
41 3 86
40 4 87
39 4 69
39 3 65
39 4 66
43 4 68
43 4 89
41 3 65
41 3 66
41 2 79
41 3 83
41 4 69
38 1 87
38 4 60
38 3 64
37 3 87
37 2 84
37 2 85
37 3 63
37 3 64
36 3 80
36 4 65
36 4 75
36 2 87
47 3 68
47 2 85
47 3 69
47 2 62
47 2 74
47 2 67
47 3 73
35 4 82
35 3 86
35 4 76
35 4 64
47 3 75
47 3 79
35 4 75
35 3 73
35 3 79
35 2 80
47 2 66
34 1 70
34 4 69
34 2 62
34 2 74
34 2 71
33 3 87
33 4 86
33 3 89
33 4 82
33 4 73
34 2 63
33 4 65
33 4 75
33 4 69
34 4 65
33 3 63
33 4 67
32 2 83
32 3 69
32 3 75
32 4 62
32 4 74
32 4 87
32 2 79
30 4 82
30 4 65
30 4 73
30 3 64
29 4 86
29 1 88
29 4 83
29 2 81
29 2 78
31 3 89
27 2 60
27 4 65
27 2 79
27 4 73
27 3 69
27 3 72
27 3 80
27 2 86
26 4 86
24 2 64
23 2 87
23 3 82
23 3 75
23 3 79
24 4 82
23 3 65
23 3 73
23 4 83
21 2 65
21 3 73
23 4 69
21 2 69
28 4 66
23 4 60
25 2 64
25 4 80
20 0 77
20 2 64
25 3 84
25 2 85
25 2 73
25 0 75
25 1 86
25 2 79
25 2 87
18 2 83
18 3 65
17 3 79
17 4 86
21 3 82
21 3 75
21 2 79
21 2 80
17 4 65
17 4 69
17 4 64
17 4 68
17 4 70
17 3 77
17 3 85
17 4 83
17 3 60
17 3 87
16 4 60
16 4 82
16 4 81
16 3 83
16 3 64
16 4 70
16 4 80
16 2 86
15 4 64
14 3 63
14 3 83
14 2 78
14 1 80
14 3 60
12 3 65
12 4 86
12 4 83
12 3 69
12 4 66
35 4 83
35 3 65
10 4 78
11 4 69
11 3 60
11 4 67
9 3 75
9 3 63
8 4 83
9 4 69
8 3 63
9 3 82
8 3 81
8 3 89
9 4 73
8 3 64
8 4 87
9 3 64
9 4 62
9 4 68
9 4 67
9 3 80
9 2 66
9 3 77
9 3 71
7 3 83
9 3 85
7 3 78
7 4 87
6 3 82
5 2 80
5 3 70
5 4 85
5 4 74
5 4 62
5 4 63
4 3 69
4 4 64
4 2 63
4 0 87
4 1 78
25 2 82
25 1 63
25 1 74
25 2 70
3 3 86
2 4 65
2 2 82
1 4 60
2 4 64
1 3 78
18 3 80
1 2 80
0 4 82
0 3 87
0 2 84
0 3 63
0 4 67
0 4 60
0 2 81
0 3 69
0 4 78
0 3 71
0 4 74
0 3 77
0 3 86
0 2 62
0 4 66
0 3 79
0 2 61
0 3 73
0 3 75
0 2 80
0 2 65
0 3 68
0 3 72
43 3 80
24 1 67
22 1 61
22 3 86
22 3 79
22 3 81
22 2 89
22 2 70
22 2 64
18 3 69
18 4 81
18 2 68
18 2 70
18 4 64
18 3 76
18 2 86
18 4 82
32 4 60
32 3 82
32 2 68
32 2 73
32 2 72
48 3 60
0 3 88
0 4 83
0 4 70
0 2 76
0 2 89
0 4 64
0 4 85
10 0 64
10 4 67
10 2 80
10 4 73
10 3 75
10 4 65
32 3 86
32 2 70
32 2 66
32 3 78
27 4 83
9 4 65
9 2 87
9 4 86
9 4 79
9 4 89
9 4 81
9 4 72
9 4 74
9 3 83
9 4 70
18 3 73
18 4 60
35 4 63
21 2 86
35 3 70
58 3 63
58 4 62
58 3 71
58 3 74
58 3 86
