59,64,4,977932152
58,61,2,977933844
57,60,4,977933866
58,69,4,977934160
58,60,3,977934292
58,72,3,977934292
58,65,3,977934740
57,65,4,977935034
57,66,3,977935138
56,75,3,977935272
56,61,3,977935511
56,67,4,977936132
57,83,4,977936561
57,69,4,977936622
57,67,4,977936648
57,81,4,977937005
57,68,4,977937809
57,82,3,977938029
57,77,4,977938159
57,73,4,977938425
55,83,4,977938593
57,80,3,977938939
57,75,4,977938976
57,86,3,977938976
57,61,4,977939066
55,64,4,977939167
55,80,4,977939897
57,70,3,977940969
54,76,3,977942827
54,83,4,977942911
53,60,4,977944039
53,75,4,977944816
52,60,4,977946400
51,83,3,977946593
50,87,3,977947270
52,64,4,977948959
52,89,4,977952986
49,75,3,977961102
48,83,4,977971734
48,68,2,977972501
48,70,4,977972501
48,76,2,977972501
48,64,3,977972564
48,61,2,977972750
47,65,2,977975030
47,60,3,977975061
47,83,4,977975743
52,82,3,977976020
52,86,2,977976020
47,70,2,977976188
47,64,3,977976209
47,87,3,977976298
47,76,2,977976298
46,60,3,977978345
46,83,4,977978521
46,67,3,977978604
52,68,4,977979520
52,69,4,977979520
52,70,2,977979589
52,62,4,977979589
52,74,4,977979615
52,61,4,977979726
52,85,0,977979943
52,79,4,977981423
52,87,2,977984903
44,83,0,977987959
44,62,3,977988097
44,84,1,977988826
44,85,2,977988826
44,65,2,977990135
44,82,4,977990190
44,80,2,977990190
44,75,2,977990251
44,73,2,977990487
44,64,0,977990630
47,80,2,978012882
43,83,4,978018896
43,60,3,978018995
43,69,4,978019148
43,86,4,978019198
43,82,4,978019549
43,65,4,978019688
43,73,3,978019688
43,79,3,978019688
43,77,4,978020155
42,65,4,978026345
47,82,3,978032226
47,86,3,978032226
41,60,2,978038981
41,82,4,978039170
41,86,3,978039215
40,87,4,978039260
39,69,4,978039514
39,65,3,978039557
39,66,4,978039584
43,68,4,978040198
43,89,4,978040331
41,65,3,978040806
41,66,3,978040857
41,79,2,978041282
41,83,3,978041479
41,69,4,978041634
38,87,1,978043372
38,60,4,978043535
38,64,3,978043814
37,87,3,978044771
37,84,2,978044835
37,85,2,978045112
37,63,3,978046023
37,64,3,978046270
36,80,3,978046375
36,65,4,978046394
36,75,4,978056172
36,87,2,978056849
47,68,3,978059313
47,85,2,978059636
47,69,3,978059730
47,62,2,978059754
47,74,2,978059754
47,67,2,978060473
47,73,3,978060880
35,82,4,978060982
35,86,3,978061007
35,76,4,978061314
35,64,4,978061314
47,75,3,978062117
47,79,3,978062354
35,75,4,978063339
35,73,3,978063380
35,79,3,978063471
35,80,2,978063826
47,66,2,978064399
34,70,1,978101958
34,69,4,978101958
34,62,2,978101982
34,74,2,978101982
34,71,2,978102002
33,87,3,978102800
33,86,4,978102839
33,89,3,978102922
33,82,4,978102954
33,73,4,978102970
34,63,2,978103035
33,65,4,978103077
33,75,4,978103106
33,69,4,978103710
34,65,4,978103790
33,63,3,978103898
33,67,4,978104026
32,83,2,978107833
32,69,3,978108416
32,75,3,978108670
32,62,4,978108939
32,74,4,978109398
32,87,4,978109979
32,79,2,978110395
30,82,4,978120938
30,65,4,978120971
30,73,4,978120997
30,64,3,978121242
29,86,4,978121513
29,88,1,978121902
29,83,4,978121902
29,81,2,978121996
29,78,2,978121997
31,89,3,978123515
27,60,2,978125194
27,65,4,978125233
27,79,2,978125358
27,73,4,978125359
27,69,3,978125464
27,72,3,978126189
27,80,3,978126422
27,86,2,978126452
26,86,4,978129642
24,64,2,978130895
23,87,2,978131578
23,82,3,978131939
23,75,3,978131980
23,79,3,978132040
24,82,4,978132138
23,65,3,978132232
23,73,3,978132276
23,83,4,978132483
21,65,2,978134929
21,73,3,978134977
23,69,4,978135156
21,69,2,978135611
28,66,4,978135871
23,60,4,978136709
25,64,2,978138608
25,80,4,978139101
20,77,0,978139347
20,64,2,978139398
25,84,3,978141178
25,85,2,978141288
25,73,2,978141583
25,75,0,978141700
25,86,1,978143197
25,79,2,978143298
25,87,2,978144338
18,83,2,978146727
18,65,3,978146863
17,79,3,978152454
17,86,4,978152454
21,82,3,978152904
21,75,3,978152972
21,79,2,978153058
21,80,2,978153751
17,65,4,978154361
17,69,4,978154361
17,64,4,978154798
17,68,4,978154834
17,70,4,978154834
17,77,3,978154907
17,85,3,978155072
17,83,4,978156146
17,60,3,978156168
17,87,3,978157031
16,60,4,978158471
16,82,4,978158536
16,81,4,978159210
16,83,3,978159210
16,64,3,978159683
16,70,4,978159762
16,80,4,978160304
16,86,2,978160616
15,64,4,978174443
14,63,3,978196499
14,83,3,978197830
14,78,2,978198125
14,80,1,978198301
14,60,3,978199279
12,65,3,978201320
12,86,4,978201368
12,83,4,978201660
12,69,3,978202201
12,66,4,978202219
35,83,4,978210102
35,65,3,978210557
10,78,4,978219702
11,69,4,978220120
11,60,3,978220179
11,67,4,978220237
9,75,3,978224705
9,63,3,978225070
8,83,4,978225303
9,69,4,978225561
8,63,3,978225570
9,82,3,978225735
8,81,3,978225898
8,89,3,978225898
9,73,4,978225922
8,64,3,978226054
8,87,4,978226248
9,64,3,978226500
9,62,4,978226805
9,68,4,978226913
9,67,4,978227003
9,80,3,978227336
9,66,2,978227425
9,77,3,978227993
9,71,3,978229273
7,83,3,978229857
9,85,3,978230090
7,78,3,978230666
7,87,4,978230800
6,82,3,978234581
5,80,2,978237034
5,70,3,978237511
5,85,4,978237570
5,74,4,978237767
5,62,4,978237767
5,63,4,978238230
4,69,3,978241072
4,64,4,978241981
4,63,2,978242323
4,87,0,978245763
4,78,1,978246576
25,82,2,978271309
25,63,1,978271489
25,74,1,978273268
25,70,2,978273930
3,86,3,978293964
2,65,4,978297570
2,82,2,978298231
1,60,4,978298413
2,64,4,978298430
1,78,3,978298673
18,80,3,978299636
1,80,2,978299666
0,82,4,978300055
0,87,3,978300055
0,84,2,978300103
0,63,3,978300275
0,67,4,978300719
0,60,4,978300760
0,81,2,978300760
0,69,3,978301368
0,78,4,978301713
0,71,3,978301752
0,74,4,978301753
0,77,3,978301777
0,86,3,978301953
0,62,2,978301968
0,66,4,978302039
0,79,3,978302039
0,61,2,978302109
0,73,3,978302124
0,75,3,978302188
0,80,2,978302205
0,65,2,978302268
0,68,3,978302268
0,72,3,978302281
43,80,3,978304306
24,67,1,978386028
22,61,1,978460739
22,86,3,978461308
22,79,3,978461410
22,81,3,978463614
22,89,2,978463614
22,70,2,978463711
22,64,2,978465404
18,69,3,978555814
18,81,4,978555994
18,68,2,978556036
18,70,2,978556083
18,64,4,978556083
18,76,3,978556129
18,86,2,978557204
18,82,4,978557301
32,60,4,978557765
32,82,3,978558097
32,68,2,978558165
32,73,2,978558263
32,72,2,978558808
48,60,3,978813972
0,88,3,978824139
0,83,4,978824195
0,70,4,978824268
0,76,2,978824268
0,89,2,978824268
0,64,4,978824291
0,85,4,978824351
10,64,0,978902350
10,67,4,978902902
10,80,2,978903107
10,73,4,978903129
10,75,3,978903186
10,65,4,978903297
32,86,3,978982390
32,70,2,978982802
32,66,2,978983032
32,78,3,978983457
27,83,4,978985280
9,65,4,979167660
9,87,2,979167842
9,86,4,979168108
9,79,4,979168267
9,89,4,979168564
9,81,4,979775240
9,72,4,979775266
9,74,4,979775485
9,83,3,979775615
9,70,4,980638533
18,73,3,982190563
18,60,4,982730936
35,63,4,983647331
21,86,2,991149289
35,70,3,1040545109
58,63,3,1041962692
58,62,4,1041962991
58,71,3,1041966969
58,74,3,1041967002
58,86,3,1041967144
